     Time [min]        d_10_18         d_1_18        d_10_16         d_1_16         d_10_3          d_9_3          d_8_3          d_1_3          d_3_5          d_2_5          d_1_5          d_1_1
---------------------------------------------------------------------------------------------------------------------------------------------------------------------------------------------------
      0.0000000      0.0001667      0.0001667      0.0001667      0.0001667      0.0000000      0.0000000      0.0000000      0.0000000      0.0000000      0.0000000      0.0000000      0.0000000
      0.5000000      0.0010000      0.0010000      0.0010000      0.0010000      0.0000000      0.0000000      0.0000000      0.0000000      0.0000000      0.0000000      0.0000000      0.0000000
      1.0000000      0.0018333      0.0018333      0.0018333      0.0018333      0.0000000      0.0000000      0.0000000      0.0000000      0.0000000      0.0000000      0.0000000      0.0000000
      1.5000000      0.0026667      0.0026667      0.0026667      0.0026667      0.0000000      0.0000000      0.0000000      0.0000000      0.0000000      0.0000000      0.0000000      0.0000000
      2.0000000      0.0035000      0.0035000      0.0035000      0.0035000      0.0000000      0.0000000      0.0000000      0.0000000      0.0000000      0.0000000      0.0000000      0.0000000
      2.5000000      0.0043333      0.0043333      0.0043333      0.0043333      0.0000000      0.0000000      0.0000000      0.0000000      0.0000000      0.0000000      0.0000000      0.0000000
      3.0000000      0.0051667      0.0051667      0.0051667      0.0051667      0.0000000      0.0000000      0.0000000      0.0000000      0.0000000      0.0000000      0.0000000      0.0000000
      3.5000000      0.0060000      0.0060000      0.0060000      0.0060000      0.0000000      0.0000000      0.0000000      0.0000000      0.0000000      0.0000000      0.0000000      0.0000000
      4.0000000      0.0068333      0.0068333      0.0068333      0.0068333      0.0000000      0.0000000      0.0000000      0.0000000      0.0000000      0.0000000      0.0000000      0.0000000
      4.5000000      0.0076667      0.0076667      0.0076667      0.0076667      0.0000000      0.0000079      0.0000000      0.0000000      0.0000000      0.0000000      0.0000000      0.0000000
      5.0000000      0.0085000      0.0085000      0.0085000      0.0085000      0.0000000      0.0000446      0.0000000      0.0000000      0.0000000      0.0000000      0.0000000      0.0000000
      5.5000000      0.0093333      0.0093333      0.0093333      0.0093333      0.0000000      0.0001260      0.0000003      0.0000000      0.0000000      0.0000000      0.0000000      0.0000000
      6.0000000      0.0101667      0.0101667      0.0101667      0.0101667      0.0000000      0.0002646      0.0000016      0.0000000      0.0000000      0.0000000      0.0000000      0.0000000
      6.5000000      0.0110000      0.0110000      0.0110000      0.0110000      0.0000000      0.0004711      0.0000054      0.0000000      0.0000000      0.0000000      0.0000000      0.0000000
      7.0000000      0.0118333      0.0118333      0.0118333      0.0118333      0.0000000      0.0007537      0.0000144      0.0000000      0.0000000      0.0000000      0.0000000      0.0000000
      7.5000000      0.0126665      0.0126667      0.0126665      0.0126665      0.0000000      0.0011184      0.0000330      0.0000000      0.0000000      0.0000000      0.0000000      0.0000000
      8.0000000      0.0134997      0.0135000      0.0134997      0.0134997      0.0000000      0.0015687      0.0000673      0.0000000      0.0000000      0.0000000      0.0000000      0.0000000
      8.5000000      0.0143326      0.0143333      0.0143326      0.0143326      0.0000000      0.0021057      0.0001254      0.0000000      0.0000000      0.0000000      0.0000000      0.0000000
      9.0000000      0.0151650      0.0151667      0.0151650      0.0151650      0.0000000      0.0027278      0.0002174      0.0000000      0.0000000      0.0000000      0.0000000      0.0000000
      9.5000000      0.0159967      0.0160000      0.0159967      0.0159967      0.0000000      0.0034312      0.0003549      0.0000000      0.0000000      0.0000000      0.0000000      0.0000000
     10.0000000      0.0168271      0.0168333      0.0168271      0.0168271      0.0000000      0.0042096      0.0005509      0.0000000      0.0000000      0.0000000      0.0000000      0.0000000
     10.5000000      0.0176554      0.0176667      0.0176554      0.0176554      0.0000000      0.0050553      0.0008187      0.0000000      0.0000000      0.0000000      0.0000000      0.0000000
     11.0000000      0.0184804      0.0185000      0.0184804      0.0184804      0.0000000      0.0059590      0.0011713      0.0000000      0.0000000      0.0000000      0.0000000      0.0000000
     11.5000000      0.0193008      0.0193333      0.0193008      0.0193008      0.0000000      0.0069109      0.0016198      0.0000000      0.0000000      0.0000000      0.0000000      0.0000000
     12.0000000      0.0201146      0.0201667      0.0201146      0.0201146      0.0000000      0.0079007      0.0021730      0.0000000      0.0000000      0.0000000      0.0000000      0.0000000
     12.5000000      0.0209194      0.0210000      0.0209194      0.0209194      0.0000000      0.0089187      0.0028359      0.0000000      0.0000000      0.0000000      0.0000000      0.0000000
     13.0000000      0.0217126      0.0218333      0.0217126      0.0217126      0.0000000      0.0099556      0.0036097      0.0000000      0.0000000      0.0000000      0.0000000      0.0000000
     13.5000000      0.0224911      0.0226667      0.0224911      0.0224911      0.0000000      0.0110032      0.0044906      0.0000000      0.0000000      0.0000000      0.0000000      0.0000000
     14.0000000      0.0232515      0.0235000      0.0232515      0.0232515      0.0000000      0.0120543      0.0054710      0.0000000      0.0000000      0.0000000      0.0000000      0.0000000
     14.5000000      0.0239904      0.0243333      0.0239904      0.0239904      0.0000000      0.0131029      0.0065392      0.0000000      0.0000000      0.0000000      0.0000000      0.0000000
     15.0000000      0.0247044      0.0251666      0.0247044      0.0247044      0.0000000      0.0141442      0.0076807      0.0000000      0.0000000      0.0000000      0.0000000      0.0000000
     15.5000000      0.0253901      0.0259999      0.0253901      0.0253901      0.0000000      0.0151743      0.0088792      0.0000000      0.0000000      0.0000000      0.0000000      0.0000000
     16.0000000      0.0260448      0.0268331      0.0260448      0.0260448      0.0000000      0.0161900      0.0101176      0.0000000      0.0000000      0.0000000      0.0000000      0.0000000
     16.5000000      0.0266657      0.0276663      0.0266657      0.0266657      0.0000000      0.0171887      0.0113793      0.0000000      0.0000000      0.0000000      0.0000000      0.0000000
     17.0000000      0.0272511      0.0284993      0.0272511      0.0272511      0.0000000      0.0181681      0.0126488      0.0000000      0.0000000      0.0000000      0.0000000      0.0000000
     17.5000000      0.0277995      0.0293320      0.0277995      0.0277995      0.0000000      0.0191262      0.0139124      0.0000000      0.0000000      0.0000000      0.0000000      0.0000000
     18.0000000      0.0283100      0.0301643      0.0283100      0.0283100      0.0000000      0.0200607      0.0151584      0.0000000      0.0000000      0.0000000      0.0000000      0.0000000
     18.5000000      0.0287826      0.0309958      0.0287826      0.0287826      0.0000000      0.0209695      0.0163773      0.0000000      0.0000000      0.0000000      0.0000000      0.0000000
     19.0000000      0.0292175      0.0318263      0.0292175      0.0292175      0.0000000      0.0218502      0.0175615      0.0000000      0.0000000      0.0000000      0.0000000      0.0000000
     19.5000000      0.0296156      0.0326551      0.0296156      0.0296156      0.0000000      0.0227003      0.0187051      0.0000000      0.0000000      0.0000000      0.0000000      0.0000000
     20.0000000      0.0299782      0.0334816      0.0299782      0.0299782      0.0000000      0.0235175      0.0198038      0.0000000      0.0000000      0.0000000      0.0000000      0.0000000
     20.5000000      0.0303069      0.0343048      0.0303069      0.0303069      0.0000000      0.0242993      0.0208543      0.0000000      0.0000000      0.0000000      0.0000000      0.0000000
     21.0000000      0.0306034      0.0351233      0.0306034      0.0306034      0.0000000      0.0250434      0.0218541      0.0000000      0.0000000      0.0000000      0.0000000      0.0000000
     21.5000000      0.0308700      0.0359358      0.0308700      0.0308700      0.0000000      0.0257481      0.0228017      0.0000000      0.0000000      0.0000000      0.0000000      0.0000000
     22.0000000      0.0311086      0.0367403      0.0311086      0.0311086      0.0000000      0.0264118      0.0236960      0.0000000      0.0000000      0.0000000      0.0000000      0.0000000
     22.5000000      0.0313214      0.0375348      0.0313214      0.0313214      0.0000000      0.0270334      0.0245362      0.0000000      0.0000000      0.0000000      0.0000000      0.0000000
     23.0000000      0.0315107      0.0383168      0.0315107      0.0315107      0.0000000      0.0276126      0.0253223      0.0000000      0.0000000      0.0000000      0.0000000      0.0000000
     23.5000000      0.0316785      0.0390837      0.0316785      0.0316785      0.0000000      0.0281492      0.0260546      0.0000000      0.0000000      0.0000000      0.0000000      0.0000000
     24.0000000      0.0318268      0.0398328      0.0318268      0.0318268      0.0000000      0.0286438      0.0267337      0.0000000      0.0000000      0.0000000      0.0000000      0.0000000
     24.5000000      0.0319576      0.0405611      0.0319576      0.0319576      0.0000000      0.0290974      0.0273608      0.0000000      0.0000000      0.0000000      0.0000000      0.0000000
     25.0000000      0.0320727      0.0412660      0.0320727      0.0320727      0.0000000      0.0295114      0.0279372      0.0000000      0.0000000      0.0000000      0.0000000      0.0000000
     25.5000000      0.0321737      0.0419447      0.0321737      0.0321737      0.0000000      0.0298875      0.0284649      0.0000000      0.0000000      0.0000000      0.0000000      0.0000000
     26.0000000      0.0322622      0.0425948      0.0322622      0.0322622      0.0000000      0.0302276      0.0289459      0.0000000      0.0000000      0.0000000      0.0000000      0.0000000
     26.5000000      0.0323397      0.0432142      0.0323397      0.0323397      0.0000000      0.0305341      0.0293827      0.0000002      0.0000000      0.0000000      0.0000000      0.0000000
     27.0000000      0.0324073      0.0438011      0.0324073      0.0324073      0.0000000      0.0308091      0.0297777      0.0000009      0.0000000      0.0000000      0.0000000      0.0000000
     27.5000000      0.0324662      0.0443543      0.0324662      0.0324662      0.0000000      0.0310551      0.0301336      0.0000032      0.0000000      0.0000000      0.0000000      0.0000000
     28.0000000      0.0325175      0.0448729      0.0325175      0.0325175      0.0000000      0.0312743      0.0304533      0.0000105      0.0000000      0.0000000      0.0000000      0.0000000
     28.5000000      0.0325621      0.0453565      0.0325621      0.0325621      0.0000000      0.0314691      0.0307394      0.0000304      0.0000000      0.0000000      0.0000000      0.0000000
     29.0000000      0.0326009      0.0458053      0.0326009      0.0326009      0.0000000      0.0316418      0.0309947      0.0000783      0.0000000      0.0000000      0.0000000      0.0000000
     29.5000000      0.0326345      0.0462196      0.0326345      0.0326345      0.0000000      0.0317944      0.0312219      0.0001819      0.0000000      0.0000000      0.0000000      0.0000000
     30.0000000      0.0326636      0.0466005      0.0326636      0.0326636      0.0000000      0.0319290      0.0314235      0.0003845      0.0000000      0.0000000      0.0000000      0.0000000
     30.5000000      0.0326888      0.0469489      0.0326888      0.0326888      0.0000000      0.0320474      0.0316019      0.0007446      0.0000000      0.0000000      0.0000000      0.0000000
     31.0000000      0.0327106      0.0472664      0.0327106      0.0327106      0.0000000      0.0321513      0.0317595      0.0013309      0.0000000      0.0000000      0.0000000      0.0000000
     31.5000000      0.0327295      0.0475545      0.0327295      0.0327295      0.0000000      0.0322425      0.0318984      0.0022100      0.0000000      0.0000000      0.0000000      0.0000000
     32.0000000      0.0327458      0.0478149      0.0327458      0.0327458      0.0000000      0.0323222      0.0320206      0.0034313      0.0000000      0.0000000      0.0000000      0.0000000
     32.5000000      0.0327598      0.0480496      0.0327598      0.0327598      0.0000000      0.0323919      0.0321278      0.0050116      0.0000000      0.0000000      0.0000000      0.0000000
     33.0000000      0.0327719      0.0482603      0.0327719      0.0327719      0.0000000      0.0324526      0.0322218      0.0069267      0.0000000      0.0000000      0.0000000      0.0000000
     33.5000000      0.0327824      0.0484490      0.0327824      0.0327824      0.0000000      0.0325056      0.0323041      0.0091120      0.0000000      0.0000000      0.0000000      0.0000000
     34.0000000      0.0327914      0.0486174      0.0327914      0.0327914      0.0000000      0.0325516      0.0323759      0.0114729      0.0000000      0.0000000      0.0000000      0.0000000
     34.5000000      0.0327991      0.0487674      0.0327991      0.0327991      0.0000000      0.0325916      0.0324386      0.0139014      0.0000000      0.0000000      0.0000000      0.0000000
     35.0000000      0.0328058      0.0489006      0.0328058      0.0328058      0.0000000      0.0326264      0.0324932      0.0162938      0.0000000      0.0000000      0.0000000      0.0000000
     35.5000000      0.0328115      0.0490186      0.0328115      0.0328115      0.0000000      0.0326565      0.0325408      0.0185636      0.0000000      0.0000000      0.0000000      0.0000000
     36.0000000      0.0328164      0.0491230      0.0328164      0.0328164      0.0000000      0.0326826      0.0325821      0.0206495      0.0000000      0.0000000      0.0000000      0.0000000
     36.5000000      0.0328207      0.0492151      0.0328207      0.0328207      0.0000000      0.0327052      0.0326180      0.0225161      0.0000000      0.0000000      0.0000000      0.0000000
     37.0000000      0.0328243      0.0492962      0.0328243      0.0328243      0.0000000      0.0327247      0.0326492      0.0241506      0.0000000      0.0000000      0.0000000      0.0000000
     37.5000000      0.0328274      0.0493676      0.0328274      0.0328274      0.0000000      0.0327416      0.0326762      0.0255573      0.0000000      0.0000000      0.0000000      0.0000000
     38.0000000      0.0328301      0.0494302      0.0328301      0.0328301      0.0000000      0.0327562      0.0326996      0.0267521      0.0000000      0.0000000      0.0000000      0.0000000
     38.5000000      0.0328324      0.0494851      0.0328324      0.0328324      0.0000000      0.0327688      0.0327198      0.0277568      0.0000000      0.0000000      0.0000000      0.0000000
     39.0000000      0.0328344      0.0495332      0.0328344      0.0328344      0.0000000      0.0327796      0.0327373      0.0285958      0.0000000      0.0000000      0.0000000      0.0000000
     39.5000000      0.0328360      0.0495752      0.0328360      0.0328360      0.0000000      0.0327890      0.0327525      0.0292933      0.0000000      0.0000000      0.0000000      0.0000000
     40.0000000      0.0328375      0.0496120      0.0328375      0.0328375      0.0000000      0.0327970      0.0327655      0.0298717      0.0000000      0.0000000      0.0000000      0.0000000
     40.5000000      0.0328387      0.0496440      0.0328387      0.0328387      0.0000000      0.0328040      0.0327768      0.0303508      0.0000000      0.0000000      0.0000000      0.0000000
     41.0000000      0.0328398      0.0496719      0.0328398      0.0328398      0.0000000      0.0328099      0.0327865      0.0307479      0.0000000      0.0000000      0.0000000      0.0000000
     41.5000000      0.0328407      0.0496961      0.0328407      0.0328407      0.0000000      0.0328151      0.0327949      0.0310775      0.0000000      0.0000000      0.0000000      0.0000000
     42.0000000      0.0328415      0.0497172      0.0328415      0.0328415      0.0000000      0.0328195      0.0328021      0.0313516      0.0000000      0.0000000      0.0000000      0.0000000
     42.5000000      0.0328421      0.0497356      0.0328421      0.0328421      0.0000000      0.0328233      0.0328083      0.0315801      0.0000000      0.0000000      0.0000000      0.0000000
     43.0000000      0.0328427      0.0497515      0.0328427      0.0328427      0.0000000      0.0328265      0.0328137      0.0317712      0.0000000      0.0000000      0.0000000      0.0000000
     43.5000000      0.0328432      0.0497653      0.0328432      0.0328432      0.0000000      0.0328293      0.0328183      0.0319315      0.0000000      0.0000000      0.0000000      0.0000000
     44.0000000      0.0328436      0.0497773      0.0328436      0.0328436      0.0000000      0.0328317      0.0328222      0.0320664      0.0000000      0.0000000      0.0000000      0.0000000
     44.5000000      0.0328440      0.0497876      0.0328440      0.0328440      0.0000000      0.0328338      0.0328256      0.0321802      0.0000000      0.0000000      0.0000000      0.0000000
     45.0000000      0.0328443      0.0497966      0.0328443      0.0328443      0.0000000      0.0328356      0.0328285      0.0322765      0.0000000      0.0000000      0.0000000      0.0000000
     45.5000000      0.0328445      0.0498043      0.0328445      0.0328445      0.0000000      0.0328371      0.0328310      0.0323582      0.0000000      0.0000000      0.0000000      0.0000000
     46.0000000      0.0328448      0.0498110      0.0328448      0.0328448      0.0000000      0.0328384      0.0328332      0.0324278      0.0000000      0.0000000      0.0000000      0.0000000
     46.5000000      0.0328449      0.0498168      0.0328449      0.0328449      0.0000000      0.0328395      0.0328350      0.0324870      0.0000000      0.0000000      0.0000000      0.0000000
     47.0000000      0.0328451      0.0498218      0.0328451      0.0328451      0.0000000      0.0328404      0.0328366      0.0325377      0.0000000      0.0000000      0.0000000      0.0000000
     47.5000000      0.0328452      0.0498261      0.0328452      0.0328452      0.0000000      0.0328412      0.0328380      0.0325810      0.0000000      0.0000000      0.0000000      0.0000000
     48.0000000      0.0328454      0.0498298      0.0328454      0.0328454      0.0000000      0.0328419      0.0328391      0.0326181      0.0000000      0.0000000      0.0000000      0.0000000
     48.5000000      0.0328455      0.0498330      0.0328455      0.0328455      0.0000000      0.0328425      0.0328401      0.0326499      0.0000000      0.0000000      0.0000000      0.0000000
     49.0000000      0.0328456      0.0498358      0.0328456      0.0328456      0.0000000      0.0328430      0.0328410      0.0326773      0.0000000      0.0000000      0.0000000      0.0000000
     49.5000000      0.0328456      0.0498381      0.0328456      0.0328456      0.0000000      0.0328435      0.0328417      0.0327008      0.0000000      0.0000000      0.0000000      0.0000000
     50.0000000      0.0328457      0.0498402      0.0328457      0.0328457      0.0000000      0.0328439      0.0328424      0.0327210      0.0000000      0.0000000      0.0000000      0.0000000
     50.5000000      0.0328457      0.0498419      0.0328457      0.0328457      0.0000000      0.0328442      0.0328429      0.0327384      0.0000000      0.0000000      0.0000000      0.0000000
     51.0000000      0.0328458      0.0498434      0.0328458      0.0328458      0.0000000      0.0328445      0.0328434      0.0327534      0.0000000      0.0000000      0.0000000      0.0000000
     51.5000000      0.0328458      0.0498447      0.0328458      0.0328458      0.0000000      0.0328447      0.0328437      0.0327663      0.0000000      0.0000000      0.0000000      0.0000000
     52.0000000      0.0328459      0.0498459      0.0328459      0.0328459      0.0000000      0.0328449      0.0328441      0.0327774      0.0000000      0.0000000      0.0000000      0.0000000
     52.5000000      0.0328459      0.0498468      0.0328459      0.0328459      0.0000000      0.0328451      0.0328444      0.0327870      0.0000000      0.0000000      0.0000000      0.0000000
     53.0000000      0.0328459      0.0498476      0.0328459      0.0328459      0.0000000      0.0328452      0.0328446      0.0327952      0.0000000      0.0000000      0.0000000      0.0000000
     53.5000000      0.0328459      0.0498483      0.0328459      0.0328459      0.0000000      0.0328453      0.0328448      0.0328023      0.0000000      0.0000000      0.0000000      0.0000000
     54.0000000      0.0328460      0.0498489      0.0328460      0.0328460      0.0000000      0.0328454      0.0328450      0.0328085      0.0000000      0.0000000      0.0000000      0.0000000
     54.5000000      0.0328460      0.0498495      0.0328460      0.0328460      0.0000000      0.0328455      0.0328452      0.0328137      0.0000000      0.0000000      0.0000000      0.0000000
     55.0000000      0.0328460      0.0498499      0.0328460      0.0328460      0.0000000      0.0328456      0.0328453      0.0328183      0.0000000      0.0000000      0.0000000      0.0000000
     55.5000000      0.0328460      0.0498503      0.0328460      0.0328460      0.0000000      0.0328457      0.0328454      0.0328222      0.0000000      0.0000000      0.0000000      0.0000000
     56.0000000      0.0328460      0.0498506      0.0328460      0.0328460      0.0000000      0.0328457      0.0328455      0.0328255      0.0000000      0.0000000      0.0000000      0.0000000
     56.5000000      0.0328460      0.0498509      0.0328460      0.0328460      0.0000000      0.0328458      0.0328456      0.0328284      0.0000000      0.0000000      0.0000000      0.0000000
     57.0000000      0.0328460      0.0498511      0.0328460      0.0328460      0.0000000      0.0328458      0.0328456      0.0328309      0.0000000      0.0000000      0.0000000      0.0000000
     57.5000000      0.0328460      0.0498513      0.0328460      0.0328460      0.0000000      0.0328459      0.0328457      0.0328331      0.0000000      0.0000000      0.0000000      0.0000000
     58.0000000      0.0328460      0.0498515      0.0328460      0.0328460      0.0000000      0.0328459      0.0328458      0.0328349      0.0000000      0.0000000      0.0000000      0.0000000
     58.5000000      0.0328460      0.0498517      0.0328460      0.0328460      0.0000000      0.0328459      0.0328458      0.0328365      0.0000000      0.0000000      0.0000000      0.0000000
     59.0000000      0.0328460      0.0498518      0.0328460      0.0328460      0.0000000      0.0328459      0.0328458      0.0328379      0.0000000      0.0000000      0.0000000      0.0000000
     59.5000000      0.0328460      0.0498519      0.0328460      0.0328460      0.0000000      0.0328459      0.0328459      0.0328390      0.0000000      0.0000000      0.0000000      0.0000000
