     Time [min]        u_10_18         u_1_18        u_10_16         u_1_16         u_10_3          u_9_3          u_8_3          u_1_3          u_3_5          u_2_5          u_1_5          u_1_1
---------------------------------------------------------------------------------------------------------------------------------------------------------------------------------------------------
      0.0000000      0.0022573      0.0022573      0.0022573      0.0022573      0.0000000      0.0000000      0.0000000      0.0000000      0.0000000      0.0000000      0.0000000      0.0000000
      0.5000000      0.0074526      0.0074526      0.0074526      0.0074526      0.0000000      0.0000000      0.0000000      0.0000000      0.0000000      0.0000000      0.0000000      0.0000000
      1.0000000      0.0111623      0.0111623      0.0111623      0.0111623      0.0000000      0.0000000      0.0000000      0.0000000      0.0000000      0.0000000      0.0000000      0.0000000
      1.5000000      0.0143281      0.0143281      0.0143281      0.0143281      0.0000000      0.0000000      0.0000000      0.0000000      0.0000000      0.0000000      0.0000000      0.0000000
      2.0000000      0.0171741      0.0171741      0.0171741      0.0171741      0.0000000      0.0000000      0.0000000      0.0000000      0.0000000      0.0000000      0.0000000      0.0000000
      2.5000000      0.0197998      0.0197998      0.0197998      0.0197998      0.0000000      0.0000000      0.0000000      0.0000000      0.0000000      0.0000000      0.0000000      0.0000000
      3.0000000      0.0222607      0.0222607      0.0222607      0.0222607      0.0000000      0.0000000      0.0000000      0.0000000      0.0000000      0.0000000      0.0000000      0.0000000
      3.5000000      0.0245914      0.0245914      0.0245914      0.0245914      0.0000000      0.0000000      0.0000000      0.0000000      0.0000000      0.0000000      0.0000000      0.0000000
      4.0000000      0.0268158      0.0268158      0.0268158      0.0268158      0.0000000      0.0000000      0.0000000      0.0000000      0.0000000      0.0000000      0.0000000      0.0000000
      4.5000000      0.0289506      0.0289506      0.0289506      0.0289506      0.0000000      0.0002963      0.0000006      0.0000000      0.0000000      0.0000000      0.0000000      0.0000000
      5.0000000      0.0310088      0.0310088      0.0310088      0.0310088      0.0000000      0.0009378      0.0000082      0.0000000      0.0000000      0.0000000      0.0000000      0.0000000
      5.5000000      0.0330001      0.0330001      0.0330001      0.0330001      0.0000000      0.0018729      0.0000360      0.0000000      0.0000000      0.0000000      0.0000000      0.0000000
      6.0000000      0.0349324      0.0349324      0.0349324      0.0349324      0.0000000      0.0030723      0.0001023      0.0000000      0.0000000      0.0000000      0.0000000      0.0000000
      6.5000000      0.0368119      0.0368120      0.0368119      0.0368119      0.0000000      0.0045127      0.0002292      0.0000000      0.0000000      0.0000000      0.0000000      0.0000000
      7.0000000      0.0386441      0.0386442      0.0386441      0.0386441      0.0000000      0.0061725      0.0004419      0.0000000      0.0000000      0.0000000      0.0000000      0.0000000
      7.5000000      0.0404330      0.0404333      0.0404330      0.0404330      0.0000000      0.0080296      0.0007675      0.0000000      0.0000000      0.0000000      0.0000000      0.0000000
      8.0000000      0.0421824      0.0421831      0.0421824      0.0421824      0.0000000      0.0100608      0.0012336      0.0000000      0.0000000      0.0000000      0.0000000      0.0000000
      8.5000000      0.0438953      0.0438968      0.0438953      0.0438953      0.0000000      0.0122416      0.0018676      0.0000000      0.0000000      0.0000000      0.0000000      0.0000000
      9.0000000      0.0455739      0.0455771      0.0455739      0.0455739      0.0000000      0.0145462      0.0026944      0.0000000      0.0000000      0.0000000      0.0000000      0.0000000
      9.5000000      0.0472200      0.0472265      0.0472200      0.0472200      0.0000000      0.0169483      0.0037359      0.0000000      0.0000000      0.0000000      0.0000000      0.0000000
     10.0000000      0.0488349      0.0488469      0.0488349      0.0488349      0.0000000      0.0194214      0.0050085      0.0000000      0.0000000      0.0000000      0.0000000      0.0000000
     10.5000000      0.0504190      0.0504404      0.0504190      0.0504190      0.0000000      0.0219398      0.0065225      0.0000000      0.0000000      0.0000000      0.0000000      0.0000000
     11.0000000      0.0519721      0.0520087      0.0519721      0.0519721      0.0000000      0.0244794      0.0082807      0.0000000      0.0000000      0.0000000      0.0000000      0.0000000
     11.5000000      0.0534932      0.0535531      0.0534932      0.0534932      0.0000000      0.0270179      0.0102780      0.0000000      0.0000000      0.0000000      0.0000000      0.0000000
     12.0000000      0.0549805      0.0550750      0.0549805      0.0549805      0.0000000      0.0295360      0.0125009      0.0000000      0.0000000      0.0000000      0.0000000      0.0000000
     12.5000000      0.0564315      0.0565757      0.0564315      0.0564315      0.0000000      0.0320172      0.0149278      0.0000000      0.0000000      0.0000000      0.0000000      0.0000000
     13.0000000      0.0578430      0.0580562      0.0578430      0.0578430      0.0000000      0.0344483      0.0175307      0.0000000      0.0000000      0.0000000      0.0000000      0.0000000
     13.5000000      0.0592113      0.0595177      0.0592113      0.0592113      0.0000000      0.0368191      0.0202757      0.0000000      0.0000000      0.0000000      0.0000000      0.0000000
     14.0000000      0.0605324      0.0609609      0.0605324      0.0605324      0.0000000      0.0391226      0.0231256      0.0000000      0.0000000      0.0000000      0.0000000      0.0000000
     14.5000000      0.0618021      0.0623867      0.0618021      0.0618021      0.0000000      0.0413540      0.0260417      0.0000000      0.0000000      0.0000000      0.0000000      0.0000000
     15.0000000      0.0630163      0.0637960      0.0630163      0.0630163      0.0000000      0.0435109      0.0289859      0.0000000      0.0000000      0.0000000      0.0000000      0.0000000
     15.5000000      0.0641713      0.0651894      0.0641713      0.0641713      0.0000000      0.0455923      0.0319226      0.0000000      0.0000000      0.0000000      0.0000000      0.0000000
     16.0000000      0.0652639      0.0665674      0.0652639      0.0652639      0.0000000      0.0475983      0.0348201      0.0000000      0.0000000      0.0000000      0.0000000      0.0000000
     16.5000000      0.0662918      0.0679308      0.0662918      0.0662918      0.0000000      0.0495296      0.0376515      0.0000000      0.0000000      0.0000000      0.0000000      0.0000000
     17.0000000      0.0672532      0.0692799      0.0672532      0.0672532      0.0000000      0.0513871      0.0403953      0.0000000      0.0000000      0.0000000      0.0000000      0.0000000
     17.5000000      0.0681474      0.0706152      0.0681474      0.0681474      0.0000000      0.0531713      0.0430355      0.0000000      0.0000000      0.0000000      0.0000000      0.0000000
     18.0000000      0.0689746      0.0719368      0.0689746      0.0689746      0.0000000      0.0548827      0.0455605      0.0000000      0.0000000      0.0000000      0.0000000      0.0000000
     18.5000000      0.0697356      0.0732448      0.0697356      0.0697356      0.0000000      0.0565211      0.0479635      0.0000000      0.0000000      0.0000000      0.0000000      0.0000000
     19.0000000      0.0704323      0.0745391      0.0704323      0.0704323      0.0000000      0.0580860      0.0502407      0.0000000      0.0000000      0.0000000      0.0000000      0.0000000
     19.5000000      0.0710669      0.0758194      0.0710669      0.0710669      0.0000000      0.0595764      0.0523909      0.0000000      0.0000000      0.0000000      0.0000000      0.0000000
     20.0000000      0.0716424      0.0770849      0.0716424      0.0716424      0.0000000      0.0609910      0.0544150      0.0000000      0.0000000      0.0000000      0.0000000      0.0000000
     20.5000000      0.0721619      0.0783346      0.0721619      0.0721619      0.0000000      0.0623288      0.0563147      0.0000000      0.0000000      0.0000000      0.0000000      0.0000000
     21.0000000      0.0726291      0.0795672      0.0726291      0.0726291      0.0000000      0.0635886      0.0580930      0.0000000      0.0000000      0.0000000      0.0000000      0.0000000
     21.5000000      0.0730476      0.0807809      0.0730476      0.0730476      0.0000000      0.0647699      0.0597528      0.0000000      0.0000000      0.0000000      0.0000000      0.0000000
     22.0000000      0.0734212      0.0819734      0.0734212      0.0734212      0.0000000      0.0658724      0.0612977      0.0000000      0.0000000      0.0000000      0.0000000      0.0000000
     22.5000000      0.0737537      0.0831421      0.0737537      0.0737537      0.0000000      0.0668965      0.0627314      0.0000000      0.0000000      0.0000000      0.0000000      0.0000000
     23.0000000      0.0740486      0.0842842      0.0740486      0.0740486      0.0000000      0.0678433      0.0640575      0.0000000      0.0000000      0.0000000      0.0000000      0.0000000
     23.5000000      0.0743096      0.0853965      0.0743096      0.0743096      0.0000000      0.0687146      0.0652803      0.0000000      0.0000000      0.0000000      0.0000000      0.0000000
     24.0000000      0.0745399      0.0864756      0.0745399      0.0745399      0.0000000      0.0695126      0.0664038      0.0000000      0.0000000      0.0000000      0.0000000      0.0000000
     24.5000000      0.0747427      0.0875181      0.0747427      0.0747427      0.0000000      0.0702403      0.0674325      0.0000002      0.0000000      0.0000000      0.0000000      0.0000000
     25.0000000      0.0749209      0.0885209      0.0749209      0.0749209      0.0000000      0.0709011      0.0683711      0.0000007      0.0000000      0.0000000      0.0000000      0.0000000
     25.5000000      0.0750771      0.0894808      0.0750771      0.0750771      0.0000000      0.0714986      0.0692245      0.0000027      0.0000000      0.0000000      0.0000000      0.0000000
     26.0000000      0.0752139      0.0903952      0.0752139      0.0752139      0.0000000      0.0720368      0.0699977      0.0000089      0.0000000      0.0000000      0.0000000      0.0000000
     26.5000000      0.0753334      0.0912619      0.0753334      0.0753334      0.0000000      0.0725200      0.0706960      0.0000259      0.0000000      0.0000000      0.0000000      0.0000000
     27.0000000      0.0754376      0.0920792      0.0754376      0.0754376      0.0000000      0.0729521      0.0713244      0.0000682      0.0000000      0.0000000      0.0000000      0.0000000
     27.5000000      0.0755285      0.0928461      0.0755285      0.0755285      0.0000000      0.0733375      0.0718883      0.0001632      0.0000000      0.0000000      0.0000000      0.0000000
     28.0000000      0.0756075      0.0935620      0.0756075      0.0756075      0.0000000      0.0736801      0.0723927      0.0003583      0.0000000      0.0000000      0.0000000      0.0000000
     28.5000000      0.0756762      0.0942270      0.0756762      0.0756762      0.0000000      0.0739838      0.0728427      0.0007255      0.0000000      0.0000000      0.0000000      0.0000000
     29.0000000      0.0757358      0.0948419      0.0757358      0.0757358      0.0000000      0.0742525      0.0732430      0.0013636      0.0000000      0.0000000      0.0000000      0.0000000
     29.5000000      0.0757876      0.0954078      0.0757876      0.0757876      0.0000000      0.0744896      0.0735982      0.0023927      0.0000000      0.0000000      0.0000000      0.0000000
     30.0000000      0.0758324      0.0959264      0.0758324      0.0758324      0.0000000      0.0746983      0.0739127      0.0039407      0.0000000      0.0000000      0.0000000      0.0000000
     30.5000000      0.0758711      0.0963995      0.0758711      0.0758711      0.0000000      0.0748817      0.0741905      0.0061227      0.0000000      0.0000000      0.0000000      0.0000000
     31.0000000      0.0759047      0.0968295      0.0759047      0.0759047      0.0000000      0.0750425      0.0744354      0.0090168      0.0000000      0.0000000      0.0000000      0.0000000
     31.5000000      0.0759336      0.0972189      0.0759336      0.0759336      0.0000000      0.0751833      0.0746509      0.0126426      0.0000000      0.0000000      0.0000000      0.0000000
     32.0000000      0.0759586      0.0975702      0.0759586      0.0759586      0.0000000      0.0753064      0.0748402      0.0169487      0.0000000      0.0000000      0.0000000      0.0000000
     32.5000000      0.0759802      0.0978861      0.0759802      0.0759802      0.0000000      0.0754139      0.0750061      0.0218135      0.0000000      0.0000000      0.0000000      0.0000000
     33.0000000      0.0759988      0.0981694      0.0759988      0.0759988      0.0000000      0.0755076      0.0751514      0.0270592      0.0000000      0.0000000      0.0000000      0.0000000
     33.5000000      0.0760149      0.0984226      0.0760149      0.0760149      0.0000000      0.0755891      0.0752784      0.0324773      0.0000000      0.0000000      0.0000000      0.0000000
     34.0000000      0.0760287      0.0986484      0.0760287      0.0760287      0.0000000      0.0756600      0.0753893      0.0378572      0.0000000      0.0000000      0.0000000      0.0000000
     34.5000000      0.0760406      0.0988492      0.0760406      0.0760406      0.0000000      0.0757216      0.0754860      0.0430130      0.0000000      0.0000000      0.0000000      0.0000000
     35.0000000      0.0760508      0.0990273      0.0760508      0.0760508      0.0000000      0.0757751      0.0755702      0.0478009      0.0000000      0.0000000      0.0000000      0.0000000
     35.5000000      0.0760596      0.0991851      0.0760596      0.0760596      0.0000000      0.0758214      0.0756434      0.0521273      0.0000000      0.0000000      0.0000000      0.0000000
     36.0000000      0.0760672      0.0993244      0.0760672      0.0760672      0.0000000      0.0758616      0.0757070      0.0559470      0.0000000      0.0000000      0.0000000      0.0000000
     36.5000000      0.0760737      0.0994474      0.0760737      0.0760737      0.0000000      0.0758963      0.0757623      0.0592550      0.0000000      0.0000000      0.0000000      0.0000000
     37.0000000      0.0760792      0.0995556      0.0760792      0.0760792      0.0000000      0.0759263      0.0758102      0.0620755      0.0000000      0.0000000      0.0000000      0.0000000
     37.5000000      0.0760840      0.0996507      0.0760840      0.0760840      0.0000000      0.0759522      0.0758517      0.0644512      0.0000000      0.0000000      0.0000000      0.0000000
     38.0000000      0.0760881      0.0997341      0.0760881      0.0760881      0.0000000      0.0759747      0.0758877      0.0664340      0.0000000      0.0000000      0.0000000      0.0000000
     38.5000000      0.0760917      0.0998073      0.0760917      0.0760917      0.0000000      0.0759940      0.0759188      0.0680780      0.0000000      0.0000000      0.0000000      0.0000000
     39.0000000      0.0760947      0.0998713      0.0760947      0.0760947      0.0000000      0.0760107      0.0759457      0.0694354      0.0000000      0.0000000      0.0000000      0.0000000
     39.5000000      0.0760973      0.0999272      0.0760973      0.0760973      0.0000000      0.0760250      0.0759689      0.0705534      0.0000000      0.0000000      0.0000000      0.0000000
     40.0000000      0.0760995      0.0999760      0.0760995      0.0760995      0.0000000      0.0760374      0.0759890      0.0714736      0.0000000      0.0000000      0.0000000      0.0000000
     40.5000000      0.0761014      0.1000186      0.0761014      0.0761014      0.0000000      0.0760480      0.0760063      0.0722313      0.0000000      0.0000000      0.0000000      0.0000000
     41.0000000      0.0761030      0.1000557      0.0761030      0.0761030      0.0000000      0.0760572      0.0760212      0.0728561      0.0000000      0.0000000      0.0000000      0.0000000
     41.5000000      0.0761044      0.1000880      0.0761044      0.0761044      0.0000000      0.0760651      0.0760341      0.0733726      0.0000000      0.0000000      0.0000000      0.0000000
     42.0000000      0.0761056      0.1001161      0.0761056      0.0761056      0.0000000      0.0760719      0.0760452      0.0738007      0.0000000      0.0000000      0.0000000      0.0000000
     42.5000000      0.0761066      0.1001404      0.0761066      0.0761066      0.0000000      0.0760777      0.0760547      0.0741566      0.0000000      0.0000000      0.0000000      0.0000000
     43.0000000      0.0761075      0.1001616      0.0761075      0.0761075      0.0000000      0.0760827      0.0760629      0.0744536      0.0000000      0.0000000      0.0000000      0.0000000
     43.5000000      0.0761083      0.1001799      0.0761083      0.0761083      0.0000000      0.0760870      0.0760700      0.0747022      0.0000000      0.0000000      0.0000000      0.0000000
     44.0000000      0.0761089      0.1001958      0.0761089      0.0761089      0.0000000      0.0760907      0.0760761      0.0749111      0.0000000      0.0000000      0.0000000      0.0000000
     44.5000000      0.0761094      0.1002096      0.0761094      0.0761094      0.0000000      0.0760938      0.0760813      0.0750871      0.0000000      0.0000000      0.0000000      0.0000000
     45.0000000      0.0761099      0.1002215      0.0761099      0.0761099      0.0000000      0.0760965      0.0760858      0.0752359      0.0000000      0.0000000      0.0000000      0.0000000
     45.5000000      0.0761103      0.1002318      0.0761103      0.0761103      0.0000000      0.0760988      0.0760896      0.0753620      0.0000000      0.0000000      0.0000000      0.0000000
     46.0000000      0.0761107      0.1002407      0.0761107      0.0761107      0.0000000      0.0761008      0.0760929      0.0754692      0.0000000      0.0000000      0.0000000      0.0000000
     46.5000000      0.0761109      0.1002484      0.0761109      0.0761109      0.0000000      0.0761025      0.0760957      0.0755606      0.0000000      0.0000000      0.0000000      0.0000000
     47.0000000      0.0761112      0.1002550      0.0761112      0.0761112      0.0000000      0.0761040      0.0760982      0.0756386      0.0000000      0.0000000      0.0000000      0.0000000
     47.5000000      0.0761114      0.1002607      0.0761114      0.0761114      0.0000000      0.0761053      0.0761003      0.0757052      0.0000000      0.0000000      0.0000000      0.0000000
     48.0000000      0.0761116      0.1002656      0.0761116      0.0761116      0.0000000      0.0761063      0.0761020      0.0757624      0.0000000      0.0000000      0.0000000      0.0000000
     48.5000000      0.0761117      0.1002699      0.0761117      0.0761117      0.0000000      0.0761072      0.0761036      0.0758113      0.0000000      0.0000000      0.0000000      0.0000000
     49.0000000      0.0761119      0.1002735      0.0761119      0.0761119      0.0000000      0.0761080      0.0761049      0.0758534      0.0000000      0.0000000      0.0000000      0.0000000
     49.5000000      0.0761120      0.1002767      0.0761120      0.0761120      0.0000000      0.0761087      0.0761060      0.0758895      0.0000000      0.0000000      0.0000000      0.0000000
     50.0000000      0.0761121      0.1002794      0.0761121      0.0761121      0.0000000      0.0761093      0.0761070      0.0759206      0.0000000      0.0000000      0.0000000      0.0000000
     50.5000000      0.0761122      0.1002817      0.0761122      0.0761122      0.0000000      0.0761098      0.0761078      0.0759474      0.0000000      0.0000000      0.0000000      0.0000000
     51.0000000      0.0761122      0.1002837      0.0761122      0.0761122      0.0000000      0.0761102      0.0761085      0.0759704      0.0000000      0.0000000      0.0000000      0.0000000
     51.5000000      0.0761123      0.1002855      0.0761123      0.0761123      0.0000000      0.0761105      0.0761091      0.0759902      0.0000000      0.0000000      0.0000000      0.0000000
     52.0000000      0.0761123      0.1002869      0.0761123      0.0761123      0.0000000      0.0761109      0.0761096      0.0760073      0.0000000      0.0000000      0.0000000      0.0000000
     52.5000000      0.0761124      0.1002882      0.0761124      0.0761124      0.0000000      0.0761111      0.0761101      0.0760220      0.0000000      0.0000000      0.0000000      0.0000000
     53.0000000      0.0761124      0.1002893      0.0761124      0.0761124      0.0000000      0.0761113      0.0761104      0.0760346      0.0000000      0.0000000      0.0000000      0.0000000
     53.5000000      0.0761125      0.1002902      0.0761125      0.0761125      0.0000000      0.0761115      0.0761108      0.0760455      0.0000000      0.0000000      0.0000000      0.0000000
     54.0000000      0.0761125      0.1002910      0.0761125      0.0761125      0.0000000      0.0761117      0.0761110      0.0760549      0.0000000      0.0000000      0.0000000      0.0000000
     54.5000000      0.0761125      0.1002917      0.0761125      0.0761125      0.0000000      0.0761118      0.0761113      0.0760630      0.0000000      0.0000000      0.0000000      0.0000000
     55.0000000      0.0761125      0.1002923      0.0761125      0.0761125      0.0000000      0.0761119      0.0761115      0.0760700      0.0000000      0.0000000      0.0000000      0.0000000
     55.5000000      0.0761125      0.1002928      0.0761125      0.0761125      0.0000000      0.0761121      0.0761116      0.0760760      0.0000000      0.0000000      0.0000000      0.0000000
     56.0000000      0.0761126      0.1002932      0.0761126      0.0761126      0.0000000      0.0761121      0.0761118      0.0760812      0.0000000      0.0000000      0.0000000      0.0000000
     56.5000000      0.0761126      0.1002936      0.0761126      0.0761126      0.0000000      0.0761122      0.0761119      0.0760856      0.0000000      0.0000000      0.0000000      0.0000000
     57.0000000      0.0761126      0.1002939      0.0761126      0.0761126      0.0000000      0.0761123      0.0761120      0.0760894      0.0000000      0.0000000      0.0000000      0.0000000
     57.5000000      0.0761126      0.1002942      0.0761126      0.0761126      0.0000000      0.0761123      0.0761121      0.0760927      0.0000000      0.0000000      0.0000000      0.0000000
     58.0000000      0.0761126      0.1002944      0.0761126      0.0761126      0.0000000      0.0761124      0.0761122      0.0760955      0.0000000      0.0000000      0.0000000      0.0000000
     58.5000000      0.0761126      0.1002946      0.0761126      0.0761126      0.0000000      0.0761124      0.0761123      0.0760980      0.0000000      0.0000000      0.0000000      0.0000000
     59.0000000      0.0761126      0.1002948      0.0761126      0.0761126      0.0000000      0.0761124      0.0761123      0.0761001      0.0000000      0.0000000      0.0000000      0.0000000
     59.5000000      0.0761126      0.1002950      0.0761126      0.0761126      0.0000000      0.0761125      0.0761124      0.0761018      0.0000000      0.0000000      0.0000000      0.0000000
