     Time [min]        Q_10_18         Q_1_18        Q_10_16         Q_1_16         Q_10_3          Q_9_3          Q_8_3          Q_1_3          Q_3_5          Q_2_5          Q_1_5          Q_1_1
---------------------------------------------------------------------------------------------------------------------------------------------------------------------------------------------------
      0.0000000      0.0000000      0.0000000      0.0000000      0.0000000      0.0000000      0.0000000      0.0000000      0.0000000      0.0000000      0.0000000      0.0000000      0.0000000
      0.5000000      0.0000550      0.0000550      0.0000000      0.0000550      0.0000000      0.0000000      0.0000000      0.0000000      0.0000000      0.0000000      0.0000000      0.0000000
      1.0000000      0.0001746      0.0001746      0.0000000      0.0001746      0.0000000      0.0000000      0.0000000      0.0000000      0.0000000      0.0000000      0.0000000      0.0000000
      1.5000000      0.0003431      0.0003431      0.0000000      0.0003431      0.0000000      0.0000000      0.0000000      0.0000000      0.0000000      0.0000000      0.0000000      0.0000000
      2.0000000      0.0005542      0.0005542      0.0000000      0.0005542      0.0000000      0.0000000      0.0000000      0.0000000      0.0000000      0.0000000      0.0000000      0.0000000
      2.5000000      0.0008037      0.0008037      0.0000000      0.0008037      0.0000000      0.0000000      0.0000000      0.0000000      0.0000000      0.0000000      0.0000000      0.0000000
      3.0000000      0.0010890      0.0010890      0.0000000      0.0010890      0.0000000      0.0000000      0.0000000      0.0000000      0.0000000      0.0000000      0.0000000      0.0000000
      3.5000000      0.0014078      0.0014078      0.0000000      0.0014078      0.0000000      0.0000000      0.0000000      0.0000000      0.0000000      0.0000000      0.0000000      0.0000000
      4.0000000      0.0017586      0.0017586      0.0000000      0.0017586      0.0000000      0.0000000      0.0000000      0.0000000      0.0000000      0.0000000      0.0000000      0.0000000
      4.5000000      0.0021398      0.0021398      0.0000000      0.0021398      0.0000550      0.0000000      0.0000000      0.0000000      0.0000000      0.0000000      0.0000000      0.0000000
      5.0000000      0.0025502      0.0025502      0.0000000      0.0025502      0.0001746      0.0000003      0.0000000      0.0000000      0.0000000      0.0000000      0.0000000      0.0000000
      5.5000000      0.0029890      0.0029890      0.0000000      0.0029890      0.0003431      0.0000018      0.0000000      0.0000000      0.0000000      0.0000000      0.0000000      0.0000000
      6.0000000      0.0034550      0.0034550      0.0000000      0.0034550      0.0005542      0.0000065      0.0000000      0.0000000      0.0000000      0.0000000      0.0000000      0.0000000
      6.5000000      0.0039477      0.0039477      0.0000000      0.0039477      0.0008037      0.0000178      0.0000000      0.0000000      0.0000000      0.0000000      0.0000000      0.0000000
      7.0000000      0.0044661      0.0044662      0.0000000      0.0044661      0.0010890      0.0000402      0.0000000      0.0000000      0.0000000      0.0000000      0.0000000      0.0000000
      7.5000000      0.0050098      0.0050098      0.0000000      0.0050098      0.0014078      0.0000794      0.0000002      0.0000000      0.0000000      0.0000000      0.0000000      0.0000000
      8.0000000      0.0055780      0.0055782      0.0000000      0.0055780      0.0017586      0.0001419      0.0000007      0.0000000      0.0000000      0.0000000      0.0000000      0.0000000
      8.5000000      0.0061701      0.0061706      0.0000000      0.0061701      0.0021398      0.0002349      0.0000019      0.0000000      0.0000000      0.0000000      0.0000000      0.0000000
      9.0000000      0.0067855      0.0067865      0.0000000      0.0067855      0.0025502      0.0003655      0.0000049      0.0000000      0.0000000      0.0000000      0.0000000      0.0000000
      9.5000000      0.0074234      0.0074257      0.0000000      0.0074234      0.0029890      0.0005406      0.0000113      0.0000000      0.0000000      0.0000000      0.0000000      0.0000000
     10.0000000      0.0080831      0.0080875      0.0000000      0.0080831      0.0034550      0.0007660      0.0000240      0.0000000      0.0000000      0.0000000      0.0000000      0.0000000
     10.5000000      0.0087633      0.0087717      0.0000000      0.0087633      0.0039477      0.0010462      0.0000470      0.0000000      0.0000000      0.0000000      0.0000000      0.0000000
     11.0000000      0.0094626      0.0094778      0.0000000      0.0094626      0.0044661      0.0013841      0.0000865      0.0000000      0.0000000      0.0000000      0.0000000      0.0000000
     11.5000000      0.0101794      0.0102055      0.0000000      0.0101794      0.0050098      0.0017808      0.0001501      0.0000000      0.0000000      0.0000000      0.0000000      0.0000000
     12.0000000      0.0109112      0.0109545      0.0000000      0.0109112      0.0055780      0.0022357      0.0002472      0.0000000      0.0000000      0.0000000      0.0000000      0.0000000
     12.5000000      0.0116552      0.0117244      0.0000000      0.0116552      0.0061701      0.0027468      0.0003887      0.0000000      0.0000000      0.0000000      0.0000000      0.0000000
     13.0000000      0.0124080      0.0125150      0.0000000      0.0124080      0.0067855      0.0033108      0.0005858      0.0000000      0.0000000      0.0000000      0.0000000      0.0000000
     13.5000000      0.0131656      0.0133260      0.0000000      0.0131656      0.0074234      0.0039233      0.0008490      0.0000000      0.0000000      0.0000000      0.0000000      0.0000000
     14.0000000      0.0139235      0.0141572      0.0000000      0.0139235      0.0080831      0.0045798      0.0011878      0.0000000      0.0000000      0.0000000      0.0000000      0.0000000
     14.5000000      0.0146769      0.0150082      0.0000000      0.0146769      0.0087633      0.0052753      0.0016086      0.0000000      0.0000000      0.0000000      0.0000000      0.0000000
     15.0000000      0.0154206      0.0158788      0.0000000      0.0154206      0.0094626      0.0060047      0.0021148      0.0000000      0.0000000      0.0000000      0.0000000      0.0000000
     15.5000000      0.0161496      0.0167689      0.0000000      0.0161496      0.0101794      0.0067635      0.0027062      0.0000000      0.0000000      0.0000000      0.0000000      0.0000000
     16.0000000      0.0168588      0.0176780      0.0000000      0.0168588      0.0109112      0.0075469      0.0033791      0.0000000      0.0000000      0.0000000      0.0000000      0.0000000
     16.5000000      0.0175436      0.0186061      0.0000000      0.0175436      0.0116552      0.0083507      0.0041268      0.0000000      0.0000000      0.0000000      0.0000000      0.0000000
     17.0000000      0.0181997      0.0195527      0.0000000      0.0181997      0.0124080      0.0091705      0.0049399      0.0000000      0.0000000      0.0000000      0.0000000      0.0000000
     17.5000000      0.0188239      0.0205177      0.0000000      0.0188239      0.0131656      0.0100023      0.0058080      0.0000000      0.0000000      0.0000000      0.0000000      0.0000000
     18.0000000      0.0194132      0.0215005      0.0000000      0.0194132      0.0139235      0.0108415      0.0067197      0.0000000      0.0000000      0.0000000      0.0000000      0.0000000
     18.5000000      0.0199657      0.0225007      0.0000000      0.0199657      0.0146769      0.0116838      0.0076635      0.0000000      0.0000000      0.0000000      0.0000000      0.0000000
     19.0000000      0.0204802      0.0235177      0.0000000      0.0204802      0.0154206      0.0125244      0.0086284      0.0000000      0.0000000      0.0000000      0.0000000      0.0000000
     19.5000000      0.0209563      0.0245505      0.0000000      0.0209563      0.0161496      0.0133585      0.0096042      0.0000000      0.0000000      0.0000000      0.0000000      0.0000000
     20.0000000      0.0213941      0.0255981      0.0000000      0.0213941      0.0168588      0.0141809      0.0105814      0.0000000      0.0000000      0.0000000      0.0000000      0.0000000
     20.5000000      0.0217943      0.0266589      0.0000000      0.0217943      0.0175436      0.0149867      0.0115515      0.0000000      0.0000000      0.0000000      0.0000000      0.0000000
     21.0000000      0.0221584      0.0277311      0.0000000      0.0221584      0.0181997      0.0157709      0.0125070      0.0000000      0.0000000      0.0000000      0.0000000      0.0000000
     21.5000000      0.0224879      0.0288122      0.0000000      0.0224879      0.0188239      0.0165289      0.0134410      0.0000000      0.0000000      0.0000000      0.0000000      0.0000000
     22.0000000      0.0227847      0.0298994      0.0000000      0.0227847      0.0194132      0.0172565      0.0143475      0.0000000      0.0000000      0.0000000      0.0000000      0.0000000
     22.5000000      0.0230509      0.0309893      0.0000000      0.0230509      0.0199657      0.0179501      0.0152214      0.0000000      0.0000000      0.0000000      0.0000000      0.0000000
     23.0000000      0.0232889      0.0320779      0.0000000      0.0232889      0.0204802      0.0186066      0.0160583      0.0000000      0.0000000      0.0000000      0.0000000      0.0000000
     23.5000000      0.0235007      0.0331607      0.0000000      0.0235007      0.0209563      0.0192240      0.0168544      0.0000000      0.0000000      0.0000000      0.0000000      0.0000000
     24.0000000      0.0236887      0.0342329      0.0000000      0.0236887      0.0213941      0.0198007      0.0176071      0.0000000      0.0000000      0.0000000      0.0000000      0.0000000
     24.5000000      0.0238551      0.0352894      0.0000000      0.0238551      0.0217943      0.0203360      0.0183142      0.0000000      0.0000000      0.0000000      0.0000000      0.0000000
     25.0000000      0.0240019      0.0363249      0.0000000      0.0240019      0.0221584      0.0208300      0.0189746      0.0000000      0.0000000      0.0000000      0.0000000      0.0000000
     25.5000000      0.0241312      0.0373342      0.0000000      0.0241312      0.0224879      0.0212833      0.0195877      0.0000000      0.0000000      0.0000000      0.0000000      0.0000000
     26.0000000      0.0242447      0.0383122      0.0000000      0.0242447      0.0227847      0.0216969      0.0201538      0.0000000      0.0000000      0.0000000      0.0000000      0.0000000
     26.5000000      0.0243442      0.0392543      0.0000000      0.0243442      0.0230509      0.0220726      0.0206738      0.0000000      0.0000000      0.0000000      0.0000000      0.0000000
     27.0000000      0.0244312      0.0401564      0.0000000      0.0244312      0.0232889      0.0224121      0.0211490      0.0000000      0.0000000      0.0000000      0.0000000      0.0000000
     27.5000000      0.0245072      0.0410150      0.0000000      0.0245072      0.0235007      0.0227177      0.0215811      0.0000000      0.0000000      0.0000000      0.0000000      0.0000000
     28.0000000      0.0245735      0.0418272      0.0000000      0.0245735      0.0236887      0.0229917      0.0219724      0.0000000      0.0000000      0.0000000      0.0000000      0.0000000
     28.5000000      0.0246312      0.0425912      0.0000000      0.0246312      0.0238551      0.0232364      0.0223252      0.0000002      0.0000000      0.0000000      0.0000000      0.0000000
     29.0000000      0.0246813      0.0433057      0.0000000      0.0246813      0.0240019      0.0234543      0.0226421      0.0000008      0.0000000      0.0000000      0.0000000      0.0000000
     29.5000000      0.0247249      0.0439702      0.0000000      0.0247249      0.0241312      0.0236476      0.0229258      0.0000033      0.0000000      0.0000000      0.0000000      0.0000000
     30.0000000      0.0247626      0.0445851      0.0000000      0.0247626      0.0242447      0.0238186      0.0231788      0.0000119      0.0000000      0.0000000      0.0000000      0.0000000
     30.5000000      0.0247954      0.0451511      0.0000000      0.0247954      0.0243442      0.0239696      0.0234038      0.0000370      0.0000000      0.0000000      0.0000000      0.0000000
     31.0000000      0.0248237      0.0456696      0.0000000      0.0248237      0.0244312      0.0241026      0.0236033      0.0000999      0.0000000      0.0000000      0.0000000      0.0000000
     31.5000000      0.0248482      0.0461426      0.0000000      0.0248482      0.0245072      0.0242194      0.0237797      0.0002382      0.0000000      0.0000000      0.0000000      0.0000000
     32.0000000      0.0248694      0.0465722      0.0000000      0.0248694      0.0245735      0.0243218      0.0239354      0.0005065      0.0000000      0.0000000      0.0000000      0.0000000
     32.5000000      0.0248876      0.0469608      0.0000000      0.0248876      0.0246312      0.0244114      0.0240725      0.0009710      0.0000000      0.0000000      0.0000000      0.0000000
     33.0000000      0.0249034      0.0473112      0.0000000      0.0249034      0.0246813      0.0244898      0.0241929      0.0016944      0.0000000      0.0000000      0.0000000      0.0000000
     33.5000000      0.0249170      0.0476259      0.0000000      0.0249170      0.0247249      0.0245581      0.0242985      0.0027176      0.0000000      0.0000000      0.0000000      0.0000000
     34.0000000      0.0249287      0.0479076      0.0000000      0.0249287      0.0247626      0.0246176      0.0243909      0.0040443      0.0000000      0.0000000      0.0000000      0.0000000
     34.5000000      0.0249388      0.0481592      0.0000000      0.0249388      0.0247954      0.0246694      0.0244717      0.0056355      0.0000000      0.0000000      0.0000000      0.0000000
     35.0000000      0.0249475      0.0483832      0.0000000      0.0249475      0.0248237      0.0247144      0.0245422      0.0074173      0.0000000      0.0000000      0.0000000      0.0000000
     35.5000000      0.0249549      0.0485821      0.0000000      0.0249549      0.0248482      0.0247534      0.0246037      0.0092973      0.0000000      0.0000000      0.0000000      0.0000000
     36.0000000      0.0249614      0.0487584      0.0000000      0.0249614      0.0248694      0.0247873      0.0246571      0.0111824      0.0000000      0.0000000      0.0000000      0.0000000
     36.5000000      0.0249669      0.0489142      0.0000000      0.0249669      0.0248876      0.0248166      0.0247036      0.0129939      0.0000000      0.0000000      0.0000000      0.0000000
     37.0000000      0.0249716      0.0490517      0.0000000      0.0249716      0.0249034      0.0248420      0.0247440      0.0146745      0.0000000      0.0000000      0.0000000      0.0000000
     37.5000000      0.0249757      0.0491727      0.0000000      0.0249757      0.0249170      0.0248640      0.0247790      0.0161902      0.0000000      0.0000000      0.0000000      0.0000000
     38.0000000      0.0249792      0.0492791      0.0000000      0.0249792      0.0249287      0.0248829      0.0248094      0.0175268      0.0000000      0.0000000      0.0000000      0.0000000
     38.5000000      0.0249822      0.0493725      0.0000000      0.0249822      0.0249388      0.0248993      0.0248357      0.0186852      0.0000000      0.0000000      0.0000000      0.0000000
     39.0000000      0.0249847      0.0494543      0.0000000      0.0249847      0.0249475      0.0249134      0.0248584      0.0196761      0.0000000      0.0000000      0.0000000      0.0000000
     39.5000000      0.0249869      0.0495260      0.0000000      0.0249869      0.0249549      0.0249256      0.0248781      0.0205160      0.0000000      0.0000000      0.0000000      0.0000000
     40.0000000      0.0249888      0.0495885      0.0000000      0.0249888      0.0249614      0.0249361      0.0248951      0.0212232      0.0000000      0.0000000      0.0000000      0.0000000
     40.5000000      0.0249904      0.0496432      0.0000000      0.0249904      0.0249669      0.0249451      0.0249097      0.0218163      0.0000000      0.0000000      0.0000000      0.0000000
     41.0000000      0.0249918      0.0496908      0.0000000      0.0249918      0.0249716      0.0249529      0.0249224      0.0223127      0.0000000      0.0000000      0.0000000      0.0000000
     41.5000000      0.0249930      0.0497322      0.0000000      0.0249930      0.0249757      0.0249596      0.0249333      0.0227279      0.0000000      0.0000000      0.0000000      0.0000000
     42.0000000      0.0249940      0.0497683      0.0000000      0.0249940      0.0249792      0.0249653      0.0249427      0.0230753      0.0000000      0.0000000      0.0000000      0.0000000
     42.5000000      0.0249949      0.0497997      0.0000000      0.0249949      0.0249822      0.0249703      0.0249508      0.0233664      0.0000000      0.0000000      0.0000000      0.0000000
     43.0000000      0.0249956      0.0498269      0.0000000      0.0249956      0.0249847      0.0249745      0.0249578      0.0236108      0.0000000      0.0000000      0.0000000      0.0000000
     43.5000000      0.0249963      0.0498505      0.0000000      0.0249963      0.0249869      0.0249782      0.0249638      0.0238165      0.0000000      0.0000000      0.0000000      0.0000000
     44.0000000      0.0249968      0.0498710      0.0000000      0.0249968      0.0249888      0.0249813      0.0249689      0.0239899      0.0000000      0.0000000      0.0000000      0.0000000
     44.5000000      0.0249973      0.0498887      0.0000000      0.0249973      0.0249904      0.0249840      0.0249733      0.0241366      0.0000000      0.0000000      0.0000000      0.0000000
     45.0000000      0.0249977      0.0499041      0.0000000      0.0249977      0.0249918      0.0249863      0.0249771      0.0242610      0.0000000      0.0000000      0.0000000      0.0000000
     45.5000000      0.0249980      0.0499173      0.0000000      0.0249980      0.0249930      0.0249883      0.0249804      0.0243667      0.0000000      0.0000000      0.0000000      0.0000000
     46.0000000      0.0249983      0.0499288      0.0000000      0.0249983      0.0249940      0.0249900      0.0249832      0.0244566      0.0000000      0.0000000      0.0000000      0.0000000
     46.5000000      0.0249986      0.0499387      0.0000000      0.0249986      0.0249949      0.0249914      0.0249856      0.0245334      0.0000000      0.0000000      0.0000000      0.0000000
     47.0000000      0.0249988      0.0499473      0.0000000      0.0249988      0.0249956      0.0249927      0.0249877      0.0245991      0.0000000      0.0000000      0.0000000      0.0000000
     47.5000000      0.0249989      0.0499547      0.0000000      0.0249989      0.0249963      0.0249937      0.0249895      0.0246553      0.0000000      0.0000000      0.0000000      0.0000000
     48.0000000      0.0249991      0.0499610      0.0000000      0.0249991      0.0249968      0.0249946      0.0249910      0.0247035      0.0000000      0.0000000      0.0000000      0.0000000
     48.5000000      0.0249992      0.0499665      0.0000000      0.0249992      0.0249973      0.0249954      0.0249923      0.0247448      0.0000000      0.0000000      0.0000000      0.0000000
     49.0000000      0.0249993      0.0499712      0.0000000      0.0249993      0.0249977      0.0249961      0.0249934      0.0247804      0.0000000      0.0000000      0.0000000      0.0000000
     49.5000000      0.0249994      0.0499753      0.0000000      0.0249994      0.0249980      0.0249966      0.0249944      0.0248109      0.0000000      0.0000000      0.0000000      0.0000000
     50.0000000      0.0249995      0.0499788      0.0000000      0.0249995      0.0249983      0.0249971      0.0249952      0.0248372      0.0000000      0.0000000      0.0000000      0.0000000
     50.5000000      0.0249996      0.0499818      0.0000000      0.0249996      0.0249986      0.0249976      0.0249959      0.0248598      0.0000000      0.0000000      0.0000000      0.0000000
     51.0000000      0.0249997      0.0499844      0.0000000      0.0249997      0.0249988      0.0249979      0.0249965      0.0248793      0.0000000      0.0000000      0.0000000      0.0000000
     51.5000000      0.0249997      0.0499866      0.0000000      0.0249997      0.0249989      0.0249982      0.0249970      0.0248961      0.0000000      0.0000000      0.0000000      0.0000000
     52.0000000      0.0249997      0.0499885      0.0000000      0.0249997      0.0249991      0.0249985      0.0249974      0.0249106      0.0000000      0.0000000      0.0000000      0.0000000
     52.5000000      0.0249998      0.0499902      0.0000000      0.0249998      0.0249992      0.0249987      0.0249978      0.0249230      0.0000000      0.0000000      0.0000000      0.0000000
     53.0000000      0.0249998      0.0499916      0.0000000      0.0249998      0.0249993      0.0249989      0.0249981      0.0249338      0.0000000      0.0000000      0.0000000      0.0000000
     53.5000000      0.0249998      0.0499928      0.0000000      0.0249998      0.0249994      0.0249991      0.0249984      0.0249430      0.0000000      0.0000000      0.0000000      0.0000000
     54.0000000      0.0249999      0.0499938      0.0000000      0.0249999      0.0249995      0.0249992      0.0249986      0.0249510      0.0000000      0.0000000      0.0000000      0.0000000
     54.5000000      0.0249999      0.0499947      0.0000000      0.0249999      0.0249996      0.0249993      0.0249988      0.0249579      0.0000000      0.0000000      0.0000000      0.0000000
     55.0000000      0.0249999      0.0499955      0.0000000      0.0249999      0.0249997      0.0249994      0.0249990      0.0249638      0.0000000      0.0000000      0.0000000      0.0000000
     55.5000000      0.0249999      0.0499961      0.0000000      0.0249999      0.0249997      0.0249995      0.0249991      0.0249689      0.0000000      0.0000000      0.0000000      0.0000000
     56.0000000      0.0249999      0.0499967      0.0000000      0.0249999      0.0249997      0.0249996      0.0249993      0.0249733      0.0000000      0.0000000      0.0000000      0.0000000
     56.5000000      0.0249999      0.0499972      0.0000000      0.0249999      0.0249998      0.0249996      0.0249994      0.0249770      0.0000000      0.0000000      0.0000000      0.0000000
     57.0000000      0.0250000      0.0499976      0.0000000      0.0250000      0.0249998      0.0249997      0.0249995      0.0249803      0.0000000      0.0000000      0.0000000      0.0000000
     57.5000000      0.0250000      0.0499979      0.0000000      0.0250000      0.0249998      0.0249997      0.0249995      0.0249831      0.0000000      0.0000000      0.0000000      0.0000000
     58.0000000      0.0250000      0.0499982      0.0000000      0.0250000      0.0249999      0.0249998      0.0249996      0.0249855      0.0000000      0.0000000      0.0000000      0.0000000
     58.5000000      0.0250000      0.0499985      0.0000000      0.0250000      0.0249999      0.0249998      0.0249997      0.0249875      0.0000000      0.0000000      0.0000000      0.0000000
     59.0000000      0.0250000      0.0499987      0.0000000      0.0250000      0.0249999      0.0249998      0.0249997      0.0249893      0.0000000      0.0000000      0.0000000      0.0000000
     59.5000000      0.0250000      0.0499989      0.0000000      0.0250000      0.0249999      0.0249999      0.0249998      0.0249908      0.0000000      0.0000000      0.0000000      0.0000000
