0.00000000e+00
0.00000000e+00
0.00000000e+00
0.00000000e+00
0.00000000e+00
0.00000000e+00
0.00000000e+00
0.00000000e+00
1.52402326e-01
3.04804653e-01
4.57206979e-01
6.09609306e-01
7.62011632e-01
3.81005824e-01
0.00000000e+00
1.90497443e-01
3.80994886e-01
5.71492329e-01
7.61989772e-01
1.33350390e+00
1.90501803e+00
2.47653216e+00
3.04804629e+00
5.41874909e+00
7.78945184e+00
1.01601546e+01
1.66790218e+01
2.31978893e+01
2.97167568e+01
4.53388414e+01
6.09609261e+01
8.80123386e+01
1.15063751e+02
1.20016842e+02
1.24969933e+02
1.34114044e+02
1.64575699e+02
1.17349731e+02
1.02109604e+02
1.00585510e+02
9.06793747e+01
8.07732391e+01
8.00112572e+01
7.92492752e+01
1.02097740e+02
9.06794357e+01
1.07824684e+02
1.24969933e+02
1.00585510e+02
9.44893112e+01
8.38181229e+01
7.56910086e+01
6.75638943e+01
5.94367800e+01
5.63888626e+01
5.33409004e+01
5.02929382e+01
5.56268120e+01
6.81953793e+01
8.07639465e+01
7.23911209e+01
8.00111847e+01
8.76312485e+01
8.19163513e+01
7.62014542e+01
7.24987640e+01
7.10682214e+01
6.96376789e+01
6.82071363e+01
6.67765937e+01
6.53460511e+01
6.39155085e+01
6.24849659e+01
6.93408489e+01
7.61967316e+01
7.61989098e+01
7.62010880e+01
1.05157608e+02
8.83934860e+01
8.99173965e+01
8.53452988e+01
9.90502625e+01
6.40088730e+01
5.75318832e+01
5.10548935e+01
4.22916679e+01
3.35284424e+01
3.27663956e+01
3.20043488e+01
3.96201057e+01
2.97184792e+01
3.54335155e+01
4.11485519e+01
3.81007271e+01
4.57206535e+01
4.72445679e+01
6.09542580e+01
4.19105110e+01
3.92436619e+01
3.65768127e+01
4.57206535e+01
3.88624992e+01
4.00055256e+01
4.11485519e+01
4.19082909e+01
3.73373890e+01
3.27664871e+01
3.14330177e+01
3.00995483e+01
2.87660789e+01
2.74326096e+01
3.35247879e+01
3.14963779e+01
3.57298331e+01
3.99632883e+01
4.41967435e+01
3.50525360e+01
3.25113220e+01
2.98022945e+01
2.70932670e+01
2.43842394e+01
1.77438407e+01
1.11034422e+01
1.28918741e+01
1.46803060e+01
1.64687378e+01
1.82571697e+01
2.00456016e+01
2.18340335e+01
2.36224654e+01
1.56210146e+01
7.61956406e+00
6.85833406e+00
8.00109410e+00
9.14385414e+00
1.16838253e+01
1.42237964e+01
1.67637675e+01
1.37163048e+01
1.40968690e+01
1.44774332e+01
1.20013075e+01
9.52518177e+00
8.54086697e+00
7.55655217e+00
6.57223737e+00
5.58792257e+00
4.84288901e+00
4.09785545e+00
3.35282189e+00
3.03059545e+00
2.70836908e+00
2.38614270e+00
2.06391633e+00
1.74168995e+00
1.71057890e+00
1.67946788e+00
1.64835686e+00
1.61724585e+00
1.58613483e+00
1.55502381e+00
1.52391279e+00
7.61956394e-01
6.61732167e-01
5.61507940e-01
5.38577646e-01
5.15647352e-01
4.92717057e-01
4.69786763e-01
4.46856469e-01
4.23926175e-01
4.00995880e-01
3.78065586e-01
3.55135292e-01
3.32204998e-01
3.09274703e-01
2.86344409e-01
2.63414115e-01
2.40483820e-01
2.17553526e-01
1.94623232e-01
1.71692938e-01
1.48762643e-01
1.25832349e-01
1.25832349e-01
1.25832349e-01
1.25832349e-01
1.25832349e-01
1.25832349e-01
1.25832349e-01
1.25832349e-01
1.25832349e-01
1.25832349e-01
1.25832349e-01
1.25832349e-01
1.25832349e-01
1.25832349e-01
1.25832349e-01
1.25832349e-01
1.25832349e-01
1.25832349e-01
1.25832349e-01
1.25832349e-01
1.25832349e-01
1.25832349e-01
1.25832349e-01
1.25832349e-01
1.25832349e-01
1.25832349e-01
1.25832349e-01
1.25832349e-01
1.25832349e-01
1.25832349e-01
1.25832349e-01
1.25832349e-01
1.25832349e-01
1.25832349e-01
1.25832349e-01
1.25832349e-01
1.25832349e-01
1.25832349e-01
1.25832349e-01
1.25832349e-01
1.25832349e-01
1.25832349e-01
1.25832349e-01
1.25832349e-01
1.25832349e-01
1.25832349e-01
1.25832349e-01
1.25832349e-01
1.25832349e-01
1.25832349e-01
1.25832349e-01
1.25832349e-01
1.25832349e-01
1.25832349e-01
1.25832349e-01
1.25832349e-01
1.25832349e-01
1.25832349e-01
1.25832349e-01
1.25832349e-01
1.25832349e-01
1.25832349e-01
1.25832349e-01
1.25832349e-01
1.25832349e-01
1.25832349e-01
1.25832349e-01
1.25832349e-01
1.25832349e-01
1.25832349e-01
1.25832349e-01
1.25832349e-01
1.25832349e-01
1.25832349e-01
1.25832349e-01
1.25832349e-01
1.25832349e-01
1.25832349e-01
1.25832349e-01
1.25832349e-01
1.25832349e-01
1.25832349e-01
1.25832349e-01
1.25832349e-01
1.25832349e-01
1.25832349e-01
1.25832349e-01
1.25832349e-01
1.25832349e-01
1.25832349e-01
1.25832349e-01
1.25832349e-01
1.25832349e-01
1.25832349e-01
1.25832349e-01
1.25832349e-01
1.25832349e-01
1.25832349e-01
1.25832349e-01
1.25832349e-01
1.25832349e-01
1.25832349e-01
1.25832349e-01
1.25832349e-01
1.25832349e-01
1.25832349e-01
1.25832349e-01
1.25832349e-01
1.25832349e-01
1.25832349e-01

