0
0
0
0
0
0
0
0
0
0
0
0
0
0
0
0
0
0
0
0
0
0.1
0
0
0.1
0
0
0.2
0.3
0.1
2.1
15.2
5.1
6.4
19.2
61
26.2
94.6
16.4
26.1
98.5
23
73.8
19
23.8
12.2
8.1
26.5
0.8
1.1
0.5
0
0
0
0
0
0
0
0
0.1
0.1
0.1
0
0.1
0
0
0
0
0
0
0
0
0
0
0
0
0
0
0
0
0
0
0
0
0
0
0
0
0
0
0
0
0
0
0
0
0
0
0
0
0.3
0
4.8
5.4
15.6
24.1
60.4
20.1
98.9
36.8
22.2
46.8
100.7
22
25.2
16.3
75.4
7.6
28.5
27.2
0.6
1.2
1.1
0
0
0
0
0
0
0
0
0
0
0
0
0
0
0
0
0
0
0
0
0
0
0
0
0
0
0
0
0
0
0
0
0
0
0
0
0
0
0
0
0
0
0
0
0
0
0
0
0.4
0
0.1
5.8
8.6
15.5
28.5
60.5
28.8
77.5
47.3
78.5
133.4
33.2
79.4
71.8
105.2
99.7
51.3
21.9
37.1
3.3
0.5
1.3
0
0
0
0
0
0
0
0
0
0
0
0
0.3
0
0
0.3
0
0
0
0
0
0
0
0
0
0
0
0
0
0
0
0
0
0
0
0
0
0
0
0
0
0
0
0
0
0
0
0
0.8
0
0.4
10.2
24.2
16.4
77
56.2
57.5
91.8
123.4
95.9
111.3
148.9
42.9
78.4
113.5
44
33.5
34.7
23.2
2.2
1.9
1.3
0
0
0
0
0
0
0
0
0
0
0
0
0
0
0
0
0
0
0
0
0
0
0
0
0
0
0
0
0
0
0
0
0
0
0
0
0
0
0
0
0
0
0
0
0
0
0
0
0.5
0.3
0
21.8
20.5
9
53.1
70.1
68.5
103.6
93.3
134
103.8
138
107.3
104.2
83.5
88.7
42.7
34.1
34.2
1.6
4.4
1.5
0
0
0
0
0
0
0
0.1
0
0
0
0.1
0
0
0.1
0
0
0
0
0
0
0
0
0
0
0
0
0
0
0
0
0
0
0
0
0
0
0
0
0
0
0
0
0
0
0
0
0
0
0.4
0.4
20
10.5
10.8
59.2
71.4
31.6
102.6
36.5
109.6
44.3
116.4
116
34.2
90.1
96.6
38.6
49.8
18.7
5
1.9
2
0
0
0
0
0
0
0
0
0
0
0
0
0
0
0
0
0
0
0
0
0
0
0
0
0
0
0
0
0
0
0
0
0
0
0
0
0
0
0
0
0
0
0
0
0
0
0
0
0
0.3
0.1
10.5
11.6
18.3
59.6
56
68.3
99.7
104.5
40
111.9
97.8
32.3
78.8
87.2
24.8
17.8
13.7
39.7
1.4
2.3
4.2
0
0
0
0
0
0
0
0
0
0
0
0
0
0
0
0
0
0
0
0
0
0
0
0
0
0
0
0
0
0
0
0
0
0
0
0
0
0
0
0
0
0
0
0
0
0
0
0
0.2
0
0.1
38.8
18.7
6.2
107.6
41.3
67.2
116.5
104.8
157.2
166.1
174.7
113.6
59.1
151.8
90.6
41.5
20.9
96.5
6.3
2.1
4.5
0
0
0
0
0
0
0
0
0
0
0
0
0
0
0
0
0
0
0
0
0
0
0
0
0
0
0
0
0
0
0.3
0
0
0
0
0
0
0
0
0
0
0
0
0
0
0
0
0
0.2
0.1
0.3
19.7
13.6
12
62.3
31.3
71.1
38.6
113.9
110.5
127.3
54.8
181.2
164.6
73.9
102.5
108.6
17.9
30.8
18.7
1.9
2
0
0
0
0
0
0
0
0
0
0
0
0
0
0
0
0
0
0
0
0
0
0
0
0
0
0
0
0
0
0
0
0
0
0
0
0
0
0
0
0
0
0
0
0
0
0
0
0
0.1
0.3
0.6
20.7
17.4
45.2
61
73.6
138.3
188.4
168.4
111.4
120
202.2
116.5
95.5
102.2
185
50.9
45.8
131.3
22.1
2.2
2.7
0
0
0
0
0
0
0
0
0
0
0
0
0
0
0
0
0
0
0
0
0
0
0
0
0
0
0
0
0
0
0
0
0
0
0
0
0
0
0
0
0
0
0
0
0
0
0
0
0
0.7
0.6
14.7
9.9
24.3
78.6
25.8
69.3
114.4
117.6
39.7
129.4
47.9
126.6
33.9
102.7
45.1
16.4
51.7
56.4
4.6
7.7
2.7
0
0
0
0
0
0
0
0
0
0
0
0
0
0
0
0
0
0
0
0
0
0
0.1
0
0
0
0
0
0
0
0
0
0
0
0
0
0
0
0
0
0
0
0
0
0
0
0
0
0.6
0.3
0.3
9.4
9.5
23.7
31.3
27
79.1
48.2
60.9
121
60.5
148.9
56.4
70.7
38
39.8
30.2
33.5
15.4
7.5
3.5
2.4
0
0
0.2
0
0
0
0
0
0
0
0
0
0
0
0
0
0
0
0
0
0
0
0
0
0
0
0
0
0
0
0
0
0
0
0
0
0
0
0
0
0
0
0
0
0
0
0
0
0.3
0.5
0.9
6.9
18.3
13.3
14
34.2
66.9
21.4
89.8
84.7
103.5
59.8
20.6
82.1
13.5
33.9
31.6
8.1
11.7
1.7
4.5
2.8
0.1
0
0
0
0
0
0
0
0
0
0
0
0
0
0
0
0
0
0
0
0
0
0
0
0
0
0
0
0
0
0
0
0
0
0
0
0
0
0
0
0
0
0
0
0
0
0
0
0.8
1.4
0.3
13.4
9.9
8.8
30
26.9
23.3
36.2
39.6
43.4
93.3
63.9
61.5
45
96.1
73
53.4
34.4
29.9
4.8
4.3
9.9
0.1
0
0
0
0
0
0
0
0
0
0
0
0
0
0
0
0
0
0
0
0
0
0
0.2
0
0
0
0
0
0
0
0
0
0
0
0
0
0
0
0
0
0
0
0
0
0
0
0
0.9
0.4
0.2
13.4
11.4
29.5
34.8
38.5
111.5
39.1
70.2
169.5
42.4
113.5
44.8
38.5
186.3
41.1
20.1
69.5
26.6
4.4
13.2
6.7
0.1
0.1
0
0.1
0
0
0
0
0
0
0
0
0
0
0
0
0
0
0
0
0
0
0
0
0.1
0
0
0
0
0
0
0
0
0
0
0
0
0
0
0
0
0.1
0
0
0
0
0
0
0.7
1.5
1.3
32.4
12.5
32
88.1
28.7
45.1
115.9
61.4
79.9
88
80.4
69.5
97.1
59.5
51.2
99.4
23.1
25.5
3.8
17.3
21.2
0
0
0.2
0
0
0
0
0
0
0
0
0
0
0
0
0
0
0
0
0
0
0
0
0
0
0
0
0
0
0
0
0
0
0
0
0
0
0
0
0
0
0
0
0
0
0
0
0
4.8
0.2
0.8
30.8
20.7
73.1
51.4
122.9
75.4
122.3
57.5
138
137.7
47.5
141.6
47.5
120
130.6
71.6
103.7
39.3
16.6
14.3
6.3
0
0
0.1
0
0
0
0
0
0
0
0
0
0
0
0
0
0
0
0
0
0
0
0
0
0
0
0
0
0
0
0
0
0
0
0
0
0
0
0
0
0
0
0
0
0
0
0
0
1.5
1.2
0.2
30.4
22
40.9
80.2
84.2
106.1
84.5
126.4
154.9
122.9
158
145.9
145.9
125.3
130.6
75.5
70.6
83.4
16.8
15.9
11.2
0
0
0
0
0
0
0
0
0
0
0
0
0
0
0
0
0
0
0
0
0
0
0
0
0
0
0
0
0
0
0
0
0
0
0
0
0
0
0
0
0
0
0
0
0
0
0
0
0.5
1.9
2.3
26.6
29.8
39.9
42.1
104
88.3
147
138.3
56.7
157.2
155.2
53.9
137
40.9
133.4
24
89
78.4
11.9
8.2
24
0.2
0
0
0
0
0
0
0
0
0
0
0
0
0
0
0
0
0
0
0
0
0
0
0
0
0
0
0
0
0
0
0
0
0
0
0
0
0
0
0
0
0
0
0
0
0
0
0
2.6
1.2
0.5
28.5
21.5
25.8
55.3
154.7
53.1
57.2
71.8
194.4
104.4
233.3
101.1
102.3
63.4
88.1
50.1
42.6
22.6
6.2
20.9
9.1
0.1
0.2
0.1
0
0
0
0
0
0
0
0
0
0.1
0
0
0
0
0
0
0
0
0
0
0
0
0
0
0
0
0
0
0
0
0
0
0
0
0
0
0
0
0
0
0
0
0
0
0
1.5
1.4
0.9
13.6
21.7
11.2
37.9
44.3
45.1
47.3
78.6
65.7
72.5
63.5
54.5
35.2
51.1
68.2
27.7
19.4
32.3
9.1
7
5.6
0.3
0.1
0.4
0
0
0
0
0
0
0
0
0
0
0
0.1
0
0
0
0
0
0
0
0
0
0
0
0
0
0
0
0
0
0
0
0
0
0
0
0
0
0
0
0
0
0
0
0
0
0.9
1
3
28
10.1
8.7
57.1
35
17.9
61.3
23.7
53.9
96.4
70.1
41.8
97.6
44.6
25.5
30.3
38.1
12.4
8.3
2.4
9.3
0
0.5
0.3
0
0
0
0
0.1
0
0
0
0
0
0
0
0
0
0
0
0
0
0
0
0
0
0
0
0
0
0
0
0
0
0
0
0
0
0
0
0
0
0
0
0
0
0
0
0
2
2.6
0.8
15.1
28.8
11.3
39.3
20.6
34.7
47.5
63.9
57.4
69.1
108.7
61
114
53.2
113.3
94.3
44.7
29.7
10.7
7.9
24.3
0.7
0
0.4
0
0
0
0
0
0
0
0
0
0
0
0.1
0
0
0
0
0
0
0
0
0
0
0
0
0
0
0
0
0
0
0
0
0
0
0
0
0
0
0
0
0
0
0
0
0
2.4
1.5
3.4
26.8
20.1
55.9
74.5
107.1
45
157.9
44.9
135
79.6
216
293.7
64.9
48.2
307.1
35.3
218.6
32.2
54.4
10.7
12.6
0.4
0.5
0.6
0
0
0
0
0
0
0
0
0
0
0
0
0
0
0
0.1
0
0
0
0
0
0
0
0
0
0
0
0
0
0
0
0.1
0
0
0
0
0
0
0.1
0
0
0
0
0
0.1
2.6
2.9
2.1
41.5
14.5
20.2
33.3
52.1
118.9
242.9
47
61.1
73
185
61.5
62.5
42.5
166.9
32.8
26.8
165.1
73
7.3
6.9
0.3
1
0.4
0
0
0
0
0
0.1
0
0
0
0
0
0
0
0
0
0
0
0
0
0
0
0
0
0
0
0
0
0
0
0
0
0
0
0
0
0
0
0
0
0
0
0
0
0
0
2.6
2.1
2.3
14.2
18.1
57.8
107.6
89.1
43.8
113.5
145.3
53.2
83.9
65.4
86.6
69.2
50.5
50.9
16.1
33.6
87.3
27.5
5.3
7.9
0.3
0.5
0.2
0
0
0
0
0
0
0
0
0
0
0
0
0
0
0
0
0
0
0
0
0
0
0
0
0
0
0
0
0
0
0
0
0
0
0
0
0
0
0
0
0
0
0
0
0
3.3
1.4
8.8
21
18.1
74.3
145.5
46.6
44.2
168.3
89.3
61.1
131.4
62.4
102.9
78.2
153.9
54
48.3
83
47.1
16.3
11.3
14.1
1.1
0.7
0.4
0
0
0
0
0
0
0
0
0
0
0
0
0
0
0
0
0
0
0
0
0
0
0
0
0
0
0
0
0
0.1
0
0
0.1
0
0
0.1
0
0
0
0
0
0
0
0
0
1.4
11.3
2.4
102.1
15.7
14.4
201.7
40.2
51.1
75.9
75.5
261.6
64.1
273.8
52.9
237.2
55.3
38.7
158.6
21.4
40.5
51.7
14.3
15
1.2
0.8
0.7
0
0
0
0
0
0
0
0
0
0
0
0
0
0
0
0
0
0
0
0
0
0
0
0
0
0
0
0
0
0
0
0
0
0
0
0
0
0
0
0
0
0
0
0
0
2
10.9
4
59.7
13.5
40.1
28.5
42.5
76.9
33.7
167.1
78.9
191.4
80.8
54.4
81.4
42.7
173.2
41.1
42.2
116
13.5
40.8
24.9
0.7
1.4
1.1
0
0
0
0
0
0
0
0
0.2
0
0
0
0
0
0
0
0
0
0
0
0
0
0
0
0
0
0
0
0
0
0
0
0
0
0
0
0
0
0
0
0
0
0
0
0
6.5
8.8
2
70.6
40
30.6
66.6
46.1
144.6
65.3
91.4
193.4
72.6
207.7
173.8
52.9
184.2
156.2
38.2
126.5
60
14.1
47.2
15.7
0.9
1.4
1.9
0
0
0
0.1
0
0
0
0
0
0.1
0
0
0
0
0
0
0
0
0
0
0
0
0
0
0
0
0
0
0
0
0
0
0
0
0
0
0
0
0
0
0
0
0
0
0
4.7
9.2
6.3
87.8
27.6
38.7
49.5
193.5
127.4
59
192.1
276.3
303.9
258.6
61.1
284.4
244.8
53.7
207.4
214.2
34.6
98.8
104.6
12.1
1.1
1.4
4.9
0
0
0
0
0
0
0
0
0
0
0
0
0
0
0
0
0
0
0
0
0
0
0
0
0
0
0
0
0
0
0
0
0
0
0
0
0
0
0
0
0
0
0
0
0
11.4
11.3
8.6
77.9
52.6
47.9
95.5
101.5
153.4
136.7
121
203.1
217.4
123.6
164.2
196.2
102.7
169.6
138
147.6
69.7
31.5
55.6
81.6
3.1
1.8
1.6
0
0
0
0
0
0
0
0
0
0.2
0
0
0
0
0
0
0
0
0
0
0
0
0
0
0
0
0
0
0
0
0
0
0
0
0
0
0
0
0
0
0
0
0
0
0
20
15.1
22.9
137.8
96.7
85.1
203.2
162
178.3
213.4
220.8
249.3
228.6
228.3
260.7
203.4
226.6
204.9
164
141.5
144.5
40.2
36.4
68.8
2.3
2.5
4.1
0
0
0
0
0
0
0
0
0
0
0
0
0
0
0
0
0
0
0
0
0
0
0
0
0
0
0
0
0
0
0
0
0
0
0
0
0
0
0
0
0
0
0
0
0
3.3
38
15.5
120.5
19.7
84.7
39.9
156.1
169.5
201.2
47.9
218.4
62.4
213.6
250.1
56.2
211.5
190
150
136.3
34.7
57.6
20
65.3
1.6
2.6
2.7
0
0
0
0
0
0
0
0
0
0
0
0
0
0
0
0
0
0
0
0
0
0
0
0
0
0
0
0
0
0
0
0
0
0
0
0
0
0
0
0
0
0
0
0
0
10.5
16.8
9
57.2
91
26.1
56.3
95.5
166.6
214.9
65.8
190.7
230.6
183.3
129.9
200.3
208
118.1
60.1
138.6
148.7
65.7
24.5
40.3
2.8
3.4
2.1
0
0
0
0
0
0
0
0
0
0
0
0
0
0
0
0
0
0
0
0
0
0
0
0
0
0
0
0.1
0
0
0
0
0
0
0
0
0
0
0
0
0
0
0
0
0
18.6
4.7
13.7
91.8
23.1
61.2
164.1
136.2
44.3
62.2
210.8
133.7
225.3
153.3
69.8
67.6
102.5
201.9
52.4
72.7
145
25.3
31.3
62.5
3.8
3.2
1.7
0
0
0
0
0
0
0
0.1
0
0
0
0
0
0
0
0
0
0
0
0
0
0
0
0
0
0
0
0
0
0
0
0
0
0
0
0
0
0
0
0
0
0
0
0.1
0.5
14.1
23.1
21.6
54.2
100.1
57.3
89.2
177.6
87.3
226.2
99.4
119.6
240.2
97.9
118.4
113.2
109.5
216.4
89.4
233
157.4
38.6
73.4
92.3
10.2
4.4
4
0
0
0
0
0
0
0
0
0
0
0
0
0
0
0.1
0
0
0
0
0
0
0
0
0
0
0
0
0
0
0
0
0
0
0
0
0.1
0.1
0
0
0
0
0
0.1
0.5
0.3
14.9
19.7
27
110.8
166.8
48.8
102.6
190.3
285.2
148
294.8
240.3
278.4
254.7
167.6
246.3
231
156.2
168.8
82.6
180.3
48.2
87.5
82.4
5.3
9.7
5
0
0
0
0
0
0
0
0
0
0
0
0
0
0
0
0
0
0
0
0
0
0
0
0
0
0
0
0
0
0
0
0
0
0
0
0
0
0
0
0
0
0
0
0.7
0
18.1
28.4
32.1
94.9
113.7
105.9
193.2
188.3
203.2
232.6
262.4
243.2
173.3
225.2
258.3
213.5
123.4
235.4
135.8
176.8
70.2
90.7
38.3
66.3
5.1
9.6
5.1
0
0
0
0
0
0
0
0
0
0
0
0
0
0
0
0
0
0
0
0
0
0
0
0
0
0
0
0
0
0
0
0
0
0
0
0
0
0
0
0
0
0
0.4
0.6
0
32.9
11
10.1
127.9
43.1
48
211.6
84.6
94.1
122
267.8
82.5
99.4
173.7
259.7
100.1
216.3
186.7
120.1
86.9
134.2
92.9
71.2
53.2
8.6
16
7
0
0
0
0
0
0
0
0
0
0
0
0
0
0
0
0
0
0
0
0
0
0
0
0
0
0
0
0
0
0
0
0
0
0
0
0
0.4
0
0
0
0.1
0
0.8
0.5
0.3
13.8
17.5
15.5
74.3
85.3
46.2
103.5
160.1
75.7
116.7
137.1
192.2
173.3
188.9
110.6
98.9
94.3
288
143.7
52.2
125.3
47.9
37.4
51.9
10.9
6.4
7.5
0.1
0.1
0.1
0
0
0
0
0
0
0
0
0
0
0
0
0
0
0
0
0
0
0
0
0.1
0
0
0
0
0
0
0
0
0
0
0
0.1
0
0
0
0
0
0
0.8
0.2
0.8
24.8
13.8
21
87.8
56.1
59
94.8
100.1
177.3
97.9
110.7
230
121.3
245.6
107.4
123.3
192.2
105.2
60.8
146.2
190.8
24.9
66.1
110.9
4.9
11.9
10
0.2
0
0
0
0
0
0
0
0
0.3
0
0
0
0.2
0
0.1
0
0
0.1
0
0
0
0
0
0
0
0
0
0
0
0
0
0
0
0
0
0
0
0
0
0
0
0
0.6
1.6
16
13.5
19.4
85.5
19
59.4
106.8
57.7
196.5
160.8
156.9
86.3
183
126.6
145.1
79.7
167.2
222.3
45.7
96.7
143.9
36.9
69.6
21.4
15
6
8
0
0.2
0.1
0
0
0
0
0
0
0
0
0
0
0
0
0
0
0
0
0
0
0
0
0
0
0
0
0
0
0
0
0
0
0
0
0
0
0
0
0
0
0
2
0.6
0.7
34.5
7
27.8
90.2
86.5
28.1
225.7
176.5
70.7
275.4
269.4
87.8
301.7
113.2
291.7
200.5
309.1
244.3
248.2
166.5
201.7
102.6
81.6
131.8
14.4
18.9
26.6
0.2
0.6
0
0
0
0
0
0
0
0
0
0
0
0
0
0
0
0
0
0
0
0
0
0
0
0
0
0
0
0
0
0
0
0
0
0
0
0
0
0
0
0
0.7
1.7
0.9
35.2
29.5
20.8
86.1
131
35.5
93.4
142.2
222.3
282.8
160.2
128.3
305.5
108.5
157.2
287.9
83.1
169.4
231.4
78.9
62.2
39.6
65.5
137.1
25.4
13.1
11.5
0.4
0.2
0.2
0
0
0
0
0
0
0
0
0
0
0
0
0
0
0
0
0
0
0
0
0
0
0
0
0
0
0
0
0
0
0
0
0
0
0
0
0
0
0
0.9
7.1
7.4
108.3
89.9
41.3
198.7
139.3
157.4
230.6
258.3
242.9
301
291.1
178.3
313.5
264.2
312.7
290.2
294.3
242.9
235.2
225.3
189.8
127.1
145.1
36.9
11
13.6
30.1
0.3
0
0
0
0
0
0
0
0
0
0
0
0
0
0
0
0
0
0
0
0
0
0
0
0
0
0
0
0
0
0
0
0
0
0
0
0
0
0
0
0
0.1
0.9
2.9
1.7
16.5
25.7
22.2
55.4
73.9
63.5
80.7
92.3
108.2
86.9
125.9
141.4
156.2
90
149.6
68.7
210.8
126.2
201.2
105.8
49.1
52.4
33.3
138.6
16.5
10.2
25.8
0.3
0.8
2.2
0
0
0
0
0
0
0
0
0
0
0
0
0
0
0
0
0
0
0
0
0
0
0
0
0
0
0
0
0
0
0
0
0
0
0
0
0
0
0
5.1
0.9
3.5
28.3
75.1
21.4
56.9
61.5
184.9
95.9
259
74.2
129.8
251.7
76.9
97.2
292.5
81.3
99.6
281
94.8
53.3
83.4
166.3
51.1
29.3
84.4
18.2
7.9
47.3
0
0.3
1.5
0
0
0
0
0
0
0
0
0
0
0
0
0
0
0
0
0
0
0
0
0
0
0
0.1
0
0
0
0
0
0
0
0
0
0
0
0
0
0
0
1.3
2.7
2.7
20
35.8
38.5
89.8
80.5
54.8
122.3
207
107.9
102
117.8
217.6
103.1
152.5
97
161.3
94.1
102.4
82.8
90.7
65.7
76.4
88.6
58.2
6.7
21.1
16.6
0.1
1.8
0.7
0
0
0.1
0
0
0
0
0
0
0
0
0
0
0
0
0
0
0
0.1
0
0
0
0
0
0
0
0
0
0
0
0
0
0
0
0
0
0
0
0
3.1
3.3
3.8
56.4
20.7
99.3
133.6
201.9
64.8
162.3
218.2
112.7
139
202.3
305.5
279.1
180
336.3
274.1
119.7
317.1
106.6
230.7
259.5
123.9
154.6
46.9
11
41.5
29.8
0.3
0.2
1.4
0
0
0
0
0
0
0
0
0
0
0
0
0
0
0
0
0
0
0
0
0
0
0
0
0
0
0
0
0
0
0
0
0
0
0
0
0
0
0
5.9
2.9
4.4
34.8
29.9
44.8
72.5
69.2
81.9
118.2
118.4
170.6
157.6
125.5
261
179.7
110.2
307
119.3
161.3
290.4
111.9
81.2
191.6
41.7
68.5
77
11.5
19.7
24.1
0.6
0.4
1.6
0
0
0
0
0
0
0
0
0
0
0
0
0
0
0
0
0
0
0
0.1
0
0
0
0
0
0
0
0
0
0
0
0
0
0
0
0.1
0
0
0
3.6
6.1
2.8
39.6
23
45.6
102.9
59
118.7
217.7
154.9
112.3
153.1
327.5
221.4
181.3
213.8
202.1
279.2
179.5
170.1
136
139.6
299.1
64.1
179.1
63
42.3
8.8
33.7
3
0.2
1.1
0
0
0
0
0
0
0.2
0
0
0
0
0.3
0
0.1
0
0
0
0
0
0
0
0.1
0
0
0.1
0
0
0
0
0
0
0
0
0.1
0
0
0
0
0.1
3.3
5.8
6.3
42.1
74.1
23.2
45.7
71
181.6
78.3
274.3
113.2
335
151.7
129.9
356.9
152.9
183.4
336.4
219.4
194.5
172.7
176.3
277.6
120.2
186.2
144.4
47
14.8
36.3
1.8
0.8
1.6
0
0
0
0.1
0
0
0.2
0
0
0
0
0.1
0
0.1
0
0.2
0
0
0
0
0
0
0.1
0
0
0
0.3
0.2
0
0
0
0
0
0
0
0
0
0
0
15.3
3.2
11.9
62.1
56.5
73.9
176.2
93.2
207.6
140.9
295.3
258.4
342.3
311.1
180.6
200.1
306.6
348.5
285
331
161.3
275.5
138.1
252.6
89.5
181.4
92.9
54
43.7
27.9
5.8
3.2
1.4
0
0
0
0
0
0.1
0
0
0
0
0
0.1
0
0
0
0
0
0
0
0
0
0
0
0
0
0
0
0
0
0
0
0
0
0
0
0
0
0
0
11.1
11.4
9.3
60.3
83.1
53.2
124.7
159.6
181.8
191.3
276.9
219.6
325.7
199.6
200.9
200.6
363.3
163.5
140.1
150
338.2
152.3
122.8
270.4
90.7
178
192.2
42.8
61.5
46.7
4.1
3.4
3.4
0
0
0
0
0
0
0
0
0
0
0
0
0
0
0
0
0
0
0
0
0
0
0
0
0
0
0
0
0
0
0
0
0
0
0
0
0.1
0
0
13.8
19.8
7.8
125.2
83.2
107.2
209.1
191
220
294.7
278.9
307.1
267.5
336.9
361.7
242.2
361
372.9
192.5
343.6
255.1
283.8
197.6
167
195.4
131.3
123.1
37.1
59.8
46.4
2.2
3.7
2.6
0
0
0
0
0
0
0
0
0
0
0
0
0
0.1
0
0
0
0
0
0
0.1
0
0
0
0.1
0
0
0
0
0
0
0
0
0
0
0
0.2
0
0
17.8
18.4
9.8
55.6
80.1
91.3
198.4
187
154
287.1
314.5
175.2
349.5
214.6
366.8
374.4
372.5
209.2
353.3
355.1
204.2
295.3
285.8
171.4
190.9
105.1
205.5
47.4
64
45.5
3.5
3.1
2.6
0
0
0
0
0
0
0
0
0
0
0
0
0
0
0
0
0
0
0
0
0
0
0
0
0
0
0
0
0
0
0
0
0
0
0
0
0
0
0.1
23.3
12.8
9
96
98
26.3
305.8
206.9
140.8
218.1
424.3
299
188.4
358.9
420.8
380.6
316.2
271.6
361
231.3
228
305.4
155.5
125.3
89.1
83.7
214.4
37.6
70.5
32.7
5.1
3.8
4
0
0
0
0
0
0
0
0
0
0
0
0
0
0
0
0
0
0
0
0
0
0
0
0
0
0
0
0
0
0
0
0
0
0
0
0
0
0.3
0.3
17.1
32.5
14.6
132.6
100.5
166.6
208.3
213.9
250.6
299.1
315
342.2
376.1
393.1
353.6
406.5
370.8
408
399.2
381.4
354.3
316.5
300.7
362.5
213.1
342.6
216.4
51.8
70.2
81
4.9
5.3
4.6
0
0
0
0
0
0
0
0
0
0
0
0
0
0
0
0
0
0
0
0
0
0
0
0
0
0
0
0
0
0
0
0
0
0
0
0
0
0.2
0.2
26.7
17.7
32.4
140.7
108.6
110.5
254.9
257.1
220.6
338
301.1
309.4
391.4
375.6
368.4
392.8
268.6
387.6
362.2
260.5
370.3
291.3
302.6
314.7
171.7
236.2
225.4
45.5
43.7
70.2
4
5.2
4.8
0
0
0
0
0
0
0
0
0
0
0
0
0
0
0
0
0
0
0
0
0
0
0
0
0
0
0
0
0
0
0
0
0
0
0
0
0.6
0.1
0.5
22.6
39.9
14.4
82.6
56
151
128
135
267.2
232.1
192.8
356.8
245.2
231.7
407.9
271.4
425.4
220.4
264.6
233
398.7
179.3
327.9
158.7
111.8
118.4
225.1
57.3
55.3
43.2
5.3
9.6
6
0.1
0
0.1
0
0
0
0
0
0.4
0
0
0
0
0
0
0
0
0
0
0
0
0
0
0
0
0
0
0
0
0
0
0
0
0
0
0
0.8
0.1
0.3
44.6
26.5
19.2
67.7
56.7
159.6
129.3
275.5
116.1
365.1
147.1
189.5
200.1
415.4
217.7
221.2
431.3
246.2
210.2
165.5
405.3
337
173.2
153.2
235.6
123.9
124.5
56.6
60
38.4
6.8
6
11
0
0
0
0
0
0
0
0
0
0
0
0
0
0
0
0
0
0
0
0
0
0
0
0
0
0
0
0
0
0
0
0
0
0
0
0
0.2
1.2
1
45.8
46.5
86.5
124
206.1
158.9
274.3
289.7
271.9
368
443.8
362.1
413.6
537.6
415.6
430.2
435.1
508.2
406.6
489.7
429.2
412.4
344.1
340.1
262.4
224.8
239.4
92.7
56.2
63.7
7.4
5.3
9.4
0
0
0
0
0
0
0
0
0
0
0
0
0
0
0
0
0.1
0
0
0
0
0
0
0
0
0
0
0
0
0
0
0
0
0
0
0
1.7
0.5
1.1
53.5
16.2
32.5
51.6
170.8
94.4
285.3
146.9
101.9
191.9
145
374.7
190.4
425.3
248.6
199.5
443
254.3
421.2
243.6
147.5
210.9
104
353.5
250.7
189
91.8
67.2
64.3
70.6
10.1
8
8.1
0
0.1
0
0
0
0
0
0
0
0
0
0
0
0
0
0
0
0
0
0
0
0
0
0
0
0
0
0
0
0
0
0
0
0
0
0
0.9
1.8
1.7
25.1
29.4
59.8
67.4
83.1
180.5
296.3
123.4
132.3
385.7
177
147.3
436.3
155.6
195.4
196.9
452.2
257.4
184.9
281.7
426.7
278.3
147.4
357.1
251.9
269.5
91.7
44.8
74.8
170
9.8
8
17.9
0
0.1
0.1
0
0
0
0
0
0
0
0
0
0
0
0
0
0
0
0
0
0
0
0
0
0
0
0
0
0
0
0
0
0
0
0
0
2.1
1.7
0.8
65.1
24.7
66.8
215.7
92.3
188.5
293.4
305.6
144.1
322.4
395.6
142.4
445.5
215.6
392
461.6
183.4
420.8
435.7
167.8
418.6
367.9
166.2
474
264.3
132.8
375.9
80.8
75.7
113.5
14.7
9.8
11.4
0.3
0
0
0
0
0
0
0
0
0
0
0
0
0
0
0
0
0
0
0
0
0
0
0
0
0
0
0
0
0
0
0
0
0
0
0
1.7
2.8
0.8
70.9
25.7
21.3
195.2
92
51.4
79.1
125.2
312.8
116.4
403.1
142.8
453.2
211.2
186
193.8
469.9
188.4
176.4
445.2
136.1
150
106.4
375.2
272
94
72.9
84.1
48
32.9
14.4
10.5
6.3
0
0.1
0.4
0
0
0
0
0
0
0
0
0
0
0
0
0
0
0
0
0
0
0
0
0
0
0
0
0
0
0
0
0
0
0
0
0
2.7
1.2
2.9
18.8
76.5
37.9
188.1
199.8
48.4
316.1
69.9
261.6
401.1
121
187.5
453.2
126.7
172.5
207.4
180.6
471.3
443.3
238.4
168.9
374.6
111.4
199.9
61.9
121.4
273.9
38.1
40.2
87.7
10.3
5.7
10.7
0
0
0.3
0
0
0
0
0
0
0
0
0
0
0
0
0
0
0
0
0
0
0
0
0
0
0
0
0
0
0
0
0
0
0
0
0
0
1.7
6.4
76.6
1.3
17.1
190.5
20.1
56.4
61.8
300.3
89.8
389.2
234.4
110.5
159.7
134.9
427.2
190.6
452.9
208.1
170
409.6
242.7
358.5
213.2
207.2
175
138.1
256.2
88.9
67.5
119.5
10.9
62.2
14.3
16.4
0
0.1
0
0.5
0
0
0
0
0
0
0
0
0
0
0
0
0
0
0
0
0
0
0
0
0
0
0
0
0
0
0
0
0
0
0
4.2
0
0
1.1
1.9
46.7
14.8
24.6
212.7
45.4
59.4
275
385.8
110
96.9
459.1
152.6
131.7
474.1
128.7
161.5
174
448.5
136
193.4
128.7
378.3
102.6
152.9
277.3
96.8
55.9
133.1
71.8
13.5
36.1
25
0
23
0
0.2
1.2
0
0
0
0
0
0
0
0
0
0
0
0
0
0
0
0
0
0
0
0.1
0
0
0
0
0
0
0
0
0
0
0
0
0
5.3
4.8
3.5
92.1
33.8
33.2
76.1
76.8
221.9
141.2
340.1
127.4
184.4
428.6
167.7
476.4
185.2
275.7
492.8
228.1
244.1
467.6
203.8
262.5
395.7
195.8
193.2
292.8
112.7
124.9
106.8
59
78.3
18.2
15.9
19.7
0.9
0.4
0.8
0
0
0
0
0
0
0
0.1
0
0
0
0.1
0
0
0
0
0
0
0
0
0
0
0
0
0
0
0
0
0
0
0
0
0
6.7
7
2.1
97.6
21.2
34.4
224.9
61.2
104.6
220.2
108
338.1
227.4
424.9
134.1
464.3
265.9
136.8
141.8
409.9
384.5
125.3
300.4
279.8
105.9
279.1
240.1
183.8
107.9
203.6
100.1
61.3
117.5
13.3
23.8
31
0.5
1.7
0.9
0
0
0
0
0
0
0
0
0
0
0
0
0
0
0
0
0
0
0
0
0
0
0
0
0
0
0
0
0
0
0
0
0
6.5
1.6
7
14
94.5
60
100.9
206.9
33.4
337.5
80.6
148.4
445.9
85.6
213.2
487.4
93.6
259.8
312.8
130.8
511
475.7
585.1
122.3
408.4
75.6
271.3
58.8
183.8
244
42.6
71.5
81
18.8
16.8
36.3
0.9
0.9
1.2
0
0
0
0
0
0
0
0
0
0
0
0
0
0
0
0
0
0
0
0
0
0
0
0
0
0
0
0
0
0
0
0
0
3
7.7
7.9
65.7
43.8
61.8
184.7
120.1
118.6
175.9
354
161.7
312.3
205.7
175.6
274.6
189.7
352
168.9
352.1
277.3
174.5
337.2
267.3
222.9
192.8
160.1
110
112.7
210.6
101.1
65.3
49.5
15.4
20.2
32.7
1.1
1.5
0.6
0
0
0.2
0
0.3
0
0.3
0
0
0.3
0
0
0
0
0
0
0
0
0
0
0
0
0
0
0
0
0
0
0
0
0.2
0
0
12
3.4
11.4
23.5
49.9
61.1
85
105.9
196.7
160
161.5
360.8
327.3
158.2
207.1
234.3
426.9
194
250
417.5
173.5
279.3
568.4
202.5
233.1
461.1
161.4
150.9
281.4
120.2
100.5
135.6
61.8
30
27.6
20
0.7
2.1
1.2
0
0
0
0
0
0
0
0
0
0
0
0
0
0
0
0
0
0
0
0
0
0
0
0
0
0
0
0
0
0
0
0
0
14.5
33.4
2.8
81
22.5
185.1
164.4
297
55.8
230.9
97.9
384.5
343.3
458.3
119.1
525.1
136.9
505.2
144.7
564.8
521.2
452.5
250.3
494.1
315.8
302.5
423.9
213.2
322.9
181.6
81.4
71.2
125.6
25.5
18.4
26.2
0.9
2.1
1.3
0
0
0
0
0
0
0
0
0
0
0
0
0
0
0
0
0
0
0
0
0
0
0
0
0
0
0
0
0
0
0
0
0.1
4.2
17.8
9.1
44.1
129.8
25.1
116.8
260.7
58.4
378
92.8
200.2
464.3
104.3
278.3
257.8
137.9
509.6
285.7
524.7
151.3
379.5
284.4
140.8
109.6
287.6
242.7
80.7
198.1
157
66
86.4
99.3
31.1
26.4
30.2
1.8
2.3
1.6
0
0
0
0
0
0
0
0
0
0
0
0
0
0
0
0
0
0
0
0
0
0
0
0
0
0
0
0
0
0
0.2
0
0.2
4.3
17.5
13.9
88.7
30.6
75.1
144.8
55.2
136.4
88.8
224.9
290.1
311.7
369.5
112
409.5
147
377.1
468.8
162.4
564.2
290.2
163
534.3
440.5
152.2
194.7
143.6
330.7
131.4
92
82.9
135.5
30.2
24.7
31.4
5.7
2.1
1.9
0.2
0
0
0
0
0
0
0.1
0
0
0
0
0
0
0
0
0
0
0
0
0
0
0
0
0
0
0
0
0
0
0.4
0.2
0
3.8
28.6
29.1
27.3
111.1
230.8
54.9
395.1
234.9
410.7
101.2
410.2
484.4
117.9
516.5
188.6
502.2
652.2
474.2
683.2
162.7
452.6
156.8
442.2
110.7
356
348.6
123.4
394.3
207.4
159.9
93.1
121.9
55.8
32.8
48
3.6
2.8
2.7
0
0
0
0
0
0
0
0
0
0
0
0
0
0
0
0
0
0
0
0
0
0
0
0
0
0
0
0
0
0
0.1
0.1
0.3
31.1
13.8
49.2
226.1
118.9
62.6
389.7
95.5
257.5
105.1
404.4
502.5
108.5
492
556.1
176.6
542.8
455.8
505.7
563.7
192.6
448
529.7
175.4
362.4
140.2
455.1
348
290.1
79.2
156.6
37.8
100.3
18.4
25.1
22.3
2.4
2
3.4
0
0
0
0
0
0
0
0
0
0
0
0
0
0
0
0
0
0
0
0
0
0
0
0
0
0
0
0
0
0
0.4
0.5
0.1
33.6
5.2
33.7
157.3
29.3
155.5
290
289.2
58
405.5
407.7
75
489.1
78.4
496
548.7
84.2
536.3
562.5
548.7
99.3
533.1
526.4
87.7
471.2
81.1
463.1
362.7
69.3
358
163.2
51.9
164.9
35.9
18.9
23.7
5.8
3.7
3.3
0
0
0
0
0
0
0
0
0
0
0
0
0
0
0
0
0
0
0
0
0
0
0
0
0
0
0
0
0
0
0.6
0.1
0.1
37.8
6.8
34.2
35.6
163.7
156.4
287.6
295.4
89.8
404.9
412.1
134.4
494.9
139.5
487.7
541.7
138.4
538.9
552.8
151.5
556.9
520.3
530.1
142.9
459.7
453.2
98.1
74
356.1
349.3
48.7
167.7
165.2
23.9
24.9
24
3.8
3
3.1
0
0
0
0
0
0
0
0
0
0
0
0
0
0
0
0
0
0
0
0
0
0
0
0
0
0
0
0
0
0
0.1
1.1
0.6
30.3
6
40.8
32.3
172.7
151.5
305.2
79.7
299.1
421.7
123.9
369.2
109.7
505.1
497.6
544.5
553.1
135.8
567.7
195.3
562.8
539
141
539.4
467.5
98.9
471.9
364.8
79.4
362.9
174.3
175.5
64.2
39.8
27.3
33.7
2.1
5.3
6.1
0
0
0
0
0
0
0
0
0
0
0
0
0
0
0
0
0
0
0
0
0
0
0
0
0
0
0
0
0
0
1.3
2.7
0
80.6
43.1
6.6
28.8
89.8
178.2
57.1
282.5
312.2
97.5
430.3
388.8
463.3
114.9
519.3
496.8
150.8
568.9
169
584.7
580.5
592.7
548.4
186.2
510.9
208.4
373.1
225.7
272.5
419.2
260.1
185.5
234.2
51.6
91.5
66.1
5.3
15
5.5
0
0
0
0
0
0
0
0
0
0
0
0
0
0
0
0
0
0
0
0
0
0
0
0
0
0
0
0
0
0
2
0.3
1.4
53.7
16.5
24.8
92
143.4
242.6
258.8
170.1
265.9
383.6
354.1
243.7
437.2
447.5
550.6
509.8
375.6
620.9
537.5
409.4
515.5
579.2
374
522.9
498.7
321.6
449.5
406.5
358
234.9
131.4
172.3
211.2
61.6
54.5
86.6
16.7
7.4
8.9
0
0
0
0
0
0
0
0
0
0
0
0
0
0
0
0
0
0
0
0
0
0
0
0
0
0
0
0
0
0
1.8
2.1
1.2
39.9
50.2
30
143.7
156.5
159.7
182.8
296
313
384.9
422.4
383.5
450.7
504.3
378.4
467.3
422.6
555.8
559.9
466.6
513.7
423.4
486.8
322.9
327
429.7
269.1
273.6
228.9
238.6
179.7
158
141.8
41.3
66.5
59.5
6.7
15
10.1
0.1
0
0
0
0
0
0
0
0
0
0
0
0
0
0
0
0
0
0
0
0
0
0
0
0
0
0
0
0
0
1.1
3
2.5
57.5
77.7
32
104.8
160.6
247.7
294.2
206.4
393.6
509.9
364.9
412.2
492.9
266.8
505.1
405.5
561.2
473.2
389.4
576.7
452.7
566.2
537.5
537.8
445.5
349.8
483.4
221.3
197.6
387.9
238.1
152.1
134.2
116.1
56.4
49.6
16.4
7.3
10.9
0
0
0
0
0
0
0
0
0
0
0
0
0
0
0
0
0
0
0
0
0
0
0
0
0
0
0
0
0
0
12
1.8
3.3
47
39.2
130.3
236.2
167.8
87.5
307.1
241.8
370.9
333
411.3
452.6
390.9
507.3
375.7
566
475.5
596.3
562.9
482.4
584.5
449.7
559.3
619.2
373.8
496.1
441.7
280.6
397.9
239.5
139.6
249.5
120.3
51.7
54.2
138.2
8.8
23.1
11
0
0
0.1
0
0
0
0
0
0
0
0
0
0
0
0
0
0
0
0
0
0
0
0
0
0
0
0
0
0
0
6.9
2.1
2.8
117.4
28.2
34.7
69.5
249.6
160.4
310.8
126.8
351.4
420.9
245.6
409
511.4
457.5
338.4
425.9
573.9
494.7
354.4
590.9
519
564.4
309.8
524.2
271.1
497.3
498.9
471.6
390.1
230.8
260.2
90.7
387.7
136.7
57.4
185.2
11.9
22.2
23.4
0
0
0.1
0
0
0
0
0
0
0
0
0
0
0
0
0
0
0
0
0
0
0
0
0
0
0
0
0
0
0
8.5
1.9
8.8
47.5
39.9
64.1
97.9
178
215.8
346.7
310.4
180.9
296
461.7
427.6
334.3
517.9
546.7
573.3
594.4
482.7
587.6
601.1
417.7
561
542.4
415.8
353.3
468.6
495.8
276.4
398.4
392.6
284
123.2
235.6
54.4
150.1
86.5
30.7
10.5
18.7
0.1
0
0
0
0
0
0
0
0
0
0
0
0
0
0
0
0
0
0
0
0
0
0
0
0
0
0
0
0
0
2.3
8.9
5.6
39.7
71.7
56
191.1
215.4
125.6
323.7
216.2
212.8
439.3
403.6
295.5
530.5
594.8
386.1
588.3
595.3
448.4
603.9
601.7
307.1
576.3
573.8
308.8
518.4
499.9
313.2
397.4
427
182.4
104.1
271
304.5
165.9
45
130.1
33
21.5
8.5
0
0
0.1
0
0
0
0
0
0
0
0
0
0
0
0
0
0
0
0
0
0
0
0
0
0
0
0
0
0
0
8.4
9.7
3.1
54.6
65.1
64.8
196.5
227.7
159.3
290.3
361.2
276.2
479.5
326.8
418.6
297
568.3
490.9
541.2
520.3
617.8
626.6
557.1
492.1
593.9
457
514.7
519.8
411.7
469.5
285.2
393.7
411.8
285.5
198
127
144.2
52.1
81.7
32.5
9.6
20
0
0.4
0.2
0
0
0
0
0
0
0
0
0
0
0
0
0
0
0
0
0
0
0
0
0
0
0
0
0
0
0
6.8
11.9
5.3
71.6
44.9
38.7
162.1
90.6
201.7
250.7
160.7
334.5
451
390.1
201.5
438.2
547
222.5
399.6
605.4
309.4
306.8
428.1
620.6
218.3
595.2
414.9
503
192.9
407.7
275.5
135.7
252.7
158.8
88.5
151.6
40
115.1
86.7
7.7
20.2
22.7
0.2
0.4
0.1
0
0
0
0
0
0
0
0
0
0
0
0
0
0
0
0
0
0
0
0
0
0
0
0
0
0
0
6.4
7.7
4.2
45.9
37.3
73.7
96.2
130.8
92.8
166.1
199.9
185.4
205.7
243.7
348.2
171
318.1
414.6
162
498.1
325
498.2
311.6
217.5
226.1
572.1
283.1
518.8
329.2
222.1
310.6
181.5
328.8
215.4
137.4
103.4
61.1
50.2
88.9
14
20.4
15.2
0.3
1
0.3
0
0
0
0
0
0
0
0
0
0
0
0
0
0
0
0
0
0
0
0
0
0
0
0
0.1
0.1
0
9.8
6
5.7
45.4
45.4
31.2
88.9
69.1
174.1
162.5
175.8
316.5
302.3
477.8
206.8
364
578.5
257.9
282.3
612.8
371.5
306.2
322
699.9
346.4
302.3
656.7
561.5
296.4
270
362
208.6
202.2
343.3
164.8
180.8
86
48.1
204
15.5
28.1
50.2
0
0.4
1.4
0
0
0
0
0
0
0
0
0
0
0
0
0
0
0
0
0
0
0
0
0
0
0
0
0
0.2
0
9
6.2
9.9
51.7
57.7
56.2
195.3
119.9
119
200.2
157.1
393.3
315.2
301.6
399.1
538.2
387.5
434.5
387.2
434.4
314.1
379.1
397.1
259.9
376
369.9
358.2
328.3
358.5
294.8
290.4
251.9
262.1
197.6
117.4
207.5
69.9
130.1
90.7
12.9
27.9
22.6
0.8
0.6
1.2
0
0
0
0
0
0
0
0
0
0
0
0
0
0
0
0
0
0
0
0
0
0
0
0
0.1
0.2
0
9.4
17.9
8.3
49.6
130.6
48.3
90.6
359
95.2
176.8
500.4
180.5
307.3
621.4
277
702
403
395
378.1
717.7
340
382.7
398.2
676.8
605.1
423.8
425.1
529.1
345.9
389.6
444.8
222.5
258
144.3
157.8
289.1
163
97.6
93.3
52.9
23.4
34.1
0.7
0.5
1.8
0
0
0
0
0
0
0
0
0
0
0
0
0
0
0
0
0
0
0
0
0
0
0
0
0.1
0
0
7.8
23.4
30.1
81.5
136
73.8
268.1
256.6
219.9
298.6
308
320.9
480.2
394.3
440.9
469.4
588.9
455.8
532.1
493
446.3
422.7
644.4
396.5
311.9
321.5
453.1
450.4
513
254.5
343.7
524.6
176.5
120
364.2
195.4
64.3
211.9
101.9
72.9
40.2
20.3
0.4
2
0.8
0
0
0
0
0
0
0
0
0
0
0
0
0
0
0
0
0
0
0
0
0
0
0
0
0.1
0.5
0.3
16.3
31
8.9
91.2
116.7
45.5
126.2
162.1
100.8
179.3
153.9
201.1
288.6
208.5
213.6
338
367.3
430
367
338.3
425.8
448.4
403.2
364.2
401.8
425.2
279.8
218.4
261.8
545.7
344.9
516.2
153
298.9
166
440.9
281.6
150.9
74.4
39.9
20
112.9
0.9
4.1
1.7
0
0
0
0
0
0
0
0
0
0
0
0
0
0
0
0
0
0
0
0
0
0
0
0
0.4
0
0.4
15.6
14.4
19.3
106.8
69.5
53.2
170.6
215.1
123.2
199.2
240.7
259.5
318
248.8
378.5
300.3
366.7
451.8
349.7
501.8
452.8
479.4
610.3
375
392.2
400.9
582.1
302.2
288
443.6
377.6
236.8
275.2
238.1
163.3
142.9
133.9
85.3
90.9
25.4
22.6
47.1
1.2
1.1
3.2
0
0
0
0
0
0
0
0
0
0
0
0
0
0
0
0
0
0
0
0
0
0
0
0
0.7
0.4
0.4
16.9
33.9
8.6
113.8
42.5
83.8
148.3
78.5
135.8
186.3
225.6
199
265.4
459.4
216.2
564
399.7
255.5
639.1
590.6
245.8
564.9
773.1
225
446.6
750.6
250
645
480.4
346
507
380.9
267.4
264.3
358.6
160.4
119.9
208
100.4
66.1
35
52.9
1.1
1.6
3
0
0
0
0
0
0
0
0
0
0
0
0
0
0
0
0
0
0
0
0
0
0
0
0
0.7
0.2
1.6
49
27.2
11.5
98.7
149.2
63.7
291.9
295.1
115.2
161.9
413.8
422.8
258.6
527.5
542.3
384.3
610.6
624
652
666.7
476.3
676.5
660.5
423.2
441.7
642.9
630.3
556.4
569.6
402.8
457.6
467.5
367
302.4
339.8
258.7
200.5
157.9
140.3
54.3
36.3
69.9
4.8
2.4
4.4
0
0
0
0
0
0
0
0
0
0
0
0
0
0
0
0
0
0
0
0
0
0
0
0
1.7
0.4
0.7
51.4
11.4
31.5
63.6
101.9
134
301.4
349.1
105
474.5
187.7
434.6
546.6
548.7
243.3
617.7
629.2
286.5
326.1
656
679
664.1
346.5
687
633.4
484
656.8
577.9
566.2
442
469.2
428.6
464.6
232.5
344.6
338.9
201.4
205.2
117.3
72
74.1
24.4
3
3.5
2.7
0
0
0
0
0
0
0
0
0
0
0
0
0
0
0
0
0
0
0
0
0
0
0
0
0.7
1.1
0
15.7
34.1
37
102.2
102.7
49.4
271.1
302.2
111.7
429.3
434.5
166.7
546.1
220.1
545.2
626.9
381
629.4
668.5
671.3
626.9
678.2
676.2
797.1
647.7
817.3
642.2
715.3
566.9
574.6
472.1
586.6
463.7
416.9
336.2
346.2
202.5
206.6
255.4
105.8
73.4
74.4
3.1
3.3
9.3
0
0
0
0
0
0
0
0
0
0
0
0
0
0
0
0
0
0
0
0
0
0
0
0
2
0
0.8
44.2
16.8
41.6
105.7
113.4
70.4
311.3
233.7
301.7
407.1
439.9
436.1
549.8
537.2
525.1
624
601.8
613.4
672.8
665.3
677.6
680
679.8
689.5
652.7
656.2
655.4
554.4
591.6
591.3
490.3
437.8
498.3
376.6
335.2
349.5
233.6
202
238.6
94.2
58.4
93.7
2
4.7
8
0
0
0
0
0
0
0
0
0
0
0
0
0
0
0
0
0
0
0
0
0
0
0
0
7.2
0.7
1.4
43.7
69.2
44.3
116.5
110.9
171.4
329.6
327.4
320.6
441.3
453.7
414.3
566.7
538.8
574.1
618.4
646.6
623.1
683.9
643.8
645.2
664.4
690.8
563.5
664.2
622.5
570.5
469.8
580.8
484
486.7
428.2
398.2
242.4
357.5
285.5
218.2
123.5
152.8
62.4
88.1
58.5
4.6
9.5
6.2
0
0
0
0
0
0
0
0
0
0
0
0
0
0
0
0
0
0
0
0
0
0
0
0
4.8
1.1
5.1
70.5
22.6
42
128.1
98.3
84.2
299.8
190.9
160.6
379
309.4
224.4
291.8
417.2
288.6
315.5
374.6
460.1
346
421.9
508.1
452.1
341.5
512.2
339.1
488.2
330.5
426.3
325
288.1
245.9
520
289.6
150.1
481.3
258.5
80.4
285.5
186.3
28.7
105.3
93.7
4.2
5.4
3.2
0
0
0
0
0
0
0
0
0
0
0
0
0
0
0
0
0
0
0
0
0
0
0
0
1.1
2.5
2.7
48.8
33
20.2
92.2
91.8
114.1
202.8
144
322.3
271.1
451.8
316.6
565.9
309.3
316
318.7
379.9
648.8
383.3
689.8
448.9
401.4
688.4
482.4
560.1
494
673.3
430.7
384.6
595.9
372.8
242.9
486.4
359.3
232.1
194.5
219.2
109.5
121.6
45.8
88.7
52
6.3
7.7
7.9
0
0
0.1
0
0
0
0
0
0
0
0
0
0
0
0
0
0
0
0
0
0
0
0
0
1.7
2.9
7.8
28.9
85
25.6
180
85.3
61.3
133.8
490.2
221
301.6
626.6
255.4
383.6
731
264.1
521.4
780.1
376.9
784.6
437.3
694.8
704.5
455.2
648.4
652
502.4
489.3
590.1
572.7
384.9
538
291
505.9
279.3
330.9
302.7
123.7
125.1
144.8
56.8
66.4
86.9
5.2
5.6
8
0.1
0
0
0
0
0
0
0
0
0
0
0
0
0
0
0
0
0
0
0
0
0
0
0
3.2
6.7
1.9
63.1
23.1
62.5
73
104
120.9
153.5
162.6
326.3
452.1
239.6
217.4
570.4
321.9
375.9
411.8
652.2
451.9
287
692.3
441.5
275.1
705.4
494.8
681.5
439.5
349.2
603.7
343.2
395.1
207.5
273
499.5
133.5
371.1
180.7
206.1
90.8
89.3
38.4
35.5
102.8
6.7
5.1
10.4
0.2
0
0
0
0
0
0
0
0
0
0
0
0
0
0
0
0
0
0
0
0
0
0
0
3.5
5.9
2.7
30.1
57.1
41.7
89.1
128.8
81.3
129.5
299.1
208
211.3
405.6
355.3
527
300.9
326.8
416.9
327.1
349.4
372.9
493.2
372.5
420.8
610.1
380.5
496.3
357.9
354.1
349.4
355.9
341.5
260.5
276.4
381.1
190.3
186.4
186.1
86.8
139.3
105.2
52.3
41.7
58.9
4.5
7.4
11.7
0
0
0.1
0
0
0
0
0
0
0
0
0
0
0
0
0
0
0
0
0
0
0.1
0
0
5.2
9.2
2.1
30.2
53.2
51.5
81.3
126.2
137
206.6
144
233.1
423.8
354.7
236.7
509
572.1
342.1
559.6
471.9
409.4
432.9
555.3
515.3
411.1
502.3
613.7
376
427.3
394
302.7
304.2
367.6
282.6
269.9
329.5
152.4
175.9
191.7
132.9
90.3
133.2
59.4
37.7
62.1
7.3
6.4
14.8
0
0
0.1
0
0
0
0
0
0
0
0
0
0
0
0
0
0
0
0
0
0
0
0
0
7.8
8.6
4.9
58
51
34.7
123.7
103
79.6
187.9
195.9
197.1
333.3
261.9
322.1
316.6
424.1
484.6
485.5
667.1
390.8
484.4
411.3
544.6
440.5
422.4
479.9
403.2
520.3
374.1
311.1
311.7
356
257.1
360.9
231.7
180.3
449.8
150.4
63.7
105.7
183.9
33.5
113
46.5
12.9
5.3
9
0.1
0.1
0.3
0
0
0
0
0
0
0
0
0
0
0
0
0
0
0
0
0
0
0
0
0.1
3.4
3.7
6.2
38.7
16.2
38.4
46.8
92.9
119.6
140.8
87.2
209.8
289.1
198.1
123.8
185.3
235.8
371.3
335.9
305.6
459.9
235.4
348.3
528.7
350.9
439.3
263.7
256.5
510.9
355.8
196.5
322.4
390.7
137.8
351
245.8
79.4
189.2
235.5
136.6
117.8
56.8
35.4
52.6
45.6
12.9
6.8
6.2
0.1
0
0.4
0
0
0
0
0
0
0
0
0
0
0
0
0
0
0
0
0
0
0.1
0
0
9.5
9.6
3.5
26.4
51.7
30.3
83.5
74.1
143.1
131.7
147.1
195
176.9
241.3
232.1
360.1
313.3
370.6
464.6
404.4
301.9
424.6
499.3
277.2
360.6
432.8
519.2
345.3
353.5
539.8
324.5
421.5
238.2
248.2
334.4
238.5
135.6
273.2
200.7
105.9
99.8
148.1
43
45.9
116.6
32.1
6.8
8.4
0.2
0.1
0.2
0
0
0
0
0
0
0
0
0
0
0
0
0
0
0
0
0
0
0.1
0
0.1
5.7
10.9
8.7
26
73.8
67.2
43.7
133.7
96.7
108
225.5
358
187.3
336.1
495.4
241.3
431.3
613.6
520.7
699
213.4
627.2
749.3
325.2
759.9
679.2
359
363.5
625.5
732
587.6
345.3
664.4
494.1
304.6
562.9
233.3
322.7
437.6
178.4
223.3
297.7
86.6
89.8
157.3
13.9
14.1
39.2
0.1
0
0
0
0
0
0
0
0
0
0
0
0
0
0
0
0
0
0
0
0
0
0
0.1
13.6
9
6.6
45.9
60.5
72.4
94.3
75.7
124.3
355.8
212.1
124.1
262.3
490.4
204.1
193.7
376.5
606.4
485.2
296.8
690.4
440.6
293
740.4
751.8
248
447.2
721.7
242.4
488.2
657.9
274.1
441.9
219.2
165.2
561.5
169.5
170.5
436.6
297.2
127.6
155
49.1
43.7
157.4
7
12.5
40.6
0.2
0.3
0.5
0
0
0
0
0
0
0
0
0
0
0
0
0
0
0
0
0
0
0.2
0
0.2
16
8.2
6.1
61.5
32.7
78.9
131
147
61.8
223.5
95.1
299.6
129.6
445.7
247.5
175.5
611.9
305.9
639.5
423.9
218.7
303.1
266.4
650.8
305.8
649.2
437.1
342.6
489.8
620.1
230.3
266
569.9
398
168.1
179.9
132.4
209.2
136.2
75.2
150.1
84.7
52
30.5
83.3
11.3
20.9
5.1
0.9
0.4
0.2
0
0
0
0
0
0
0
0
0
0
0
0
0
0
0
0
0
0
0.3
0.2
0.1
4.2
6.2
18.6
17.3
25.7
85.9
66.2
54.3
115.3
77
223.2
140
234.5
122.7
171.2
171.1
336.5
188.8
176.3
377.4
216.3
147.4
426.7
258.6
153.3
505.6
324
571.3
298.9
121.4
138
298.6
546.5
156.3
440.1
196
95.3
230.5
125.7
56.7
83.1
140.4
41.8
64.3
28.8
7.8
13.6
16.1
1
0
0.4
0
0
0
0
0
0
0
0
0
0
0
0
0
0
0
0
0
0
0.4
0.4
0.2
6.7
29.9
13.6
27
48
118.9
66
124.6
118.1
353.5
103.3
180.9
129
474.1
343.3
188.3
537
454.9
489.8
256
624.9
486.3
718
264.6
705
406.9
240.4
234.8
341.2
689.5
209
246.9
634.1
221.1
534.4
159.7
152.5
416.7
117.2
65.2
291.7
85.2
37.7
39.8
156.6
9.2
9
35.9
0.2
0.4
0.4
0
0
0
0
0
0
0
0
0
0
0
0
0
0
0
0
0
0
0
0.7
0.3
7.3
16.7
10.6
59.8
41.1
29.6
79.9
129.9
84.9
284.9
166.3
126.4
146.9
470.9
273.9
580.3
237.6
290.7
675.8
318.3
294.7
690.4
318.2
455.2
668.6
341.5
424.4
445.6
637.5
621.5
589
274.8
328.7
229.3
307.8
301.9
241.7
150.9
223.1
88.9
162.6
255.3
116.7
31
156.2
10
52.6
29.1
1.6
0.6
1
0
0
0
0
0
0
0
0
0
0
0
0
0
0
0
0
0
0
0
0.6
0.5
12.9
18.4
36.5
50.8
84.5
115.9
106.9
132.6
65.1
163.3
181.9
399.5
238
296.4
524.9
312.7
401.8
635.1
359.2
635.4
718.2
412.9
636
759.3
422.3
602.1
691.8
531.7
409.5
365.5
289.2
657.6
360.2
266.8
577.2
276.1
234.6
325.9
180.6
258.1
101.5
169.9
46
102.5
65.1
26.8
12.5
17.8
0.9
0.6
2.5
0
0
0
0
0
0
0
0
0
0
0
0
0
0
0
0
0
0
0.6
0
0.9
20.3
9.9
12.5
55.2
111.6
35.4
100.9
89.7
112.2
239.9
175.2
366.8
507.2
247.4
245.6
361.4
346.1
622.6
518.4
710
448.3
663
747.2
486.1
735.2
463.1
543.4
364.7
623.2
525.2
429.9
449.4
386.2
338.4
250.3
329
250.9
215.7
255
145.3
120.6
124.6
65.9
76.1
49.4
21.6
27.2
17.8
0.8
1.1
2
0
0
0
0
0
0
0
0
0
0
0
0
0
0
0
0
0
0
0.6
0.2
1.4
14.7
20.5
47.9
56.4
36.4
187
166.6
70.3
120
458.2
120.6
247.1
708.4
172.8
375
203.7
441.4
738.4
590.9
234
894
764.2
532.8
226.5
236.6
575.2
557.7
227.2
615.3
436.3
230.3
404.2
426.9
474.9
356.6
212.5
233.1
242.4
514.8
110.4
209
134.8
55.1
152.3
123.2
16.5
30.9
29.1
2.3
1.4
1.9
0
0
0
0
0
0
0
0
0
0
0
0
0
0
0
0
0
0
1
0.4
0.3
12.2
42.1
18.8
138.5
96.4
53.4
124
98.6
129.6
196.5
413.6
158.9
291.5
537.6
224.7
246.8
431.3
647.5
372.4
284.8
727.1
499.9
315.3
762.9
767.9
448
296.1
723.7
264.9
423.1
277.4
662.6
282.1
219.7
558.4
243.5
172.8
434.1
170.2
255.9
126.1
129.1
144.1
76.1
63.5
13.9
28.7
44
1.4
1.1
2.9
0
0
0
0
0
0
0
0
0
0
0
0
0
0
0
0
0
0
1.8
2.2
0.6
16
29.9
10.8
44.3
55.7
70.3
118.6
126.3
166
177.5
292.9
234.8
211.1
354.3
282.3
230.5
414.5
409.2
274.7
699.3
506.2
377.4
837.7
440.2
376.9
573.5
351
415.7
328
305.2
329.2
249.2
310.7
258.5
263.6
195.8
167.9
195
192.7
140.9
164.1
160.4
69.2
49.7
96.4
15.3
31
24.6
1.8
2.4
3.2
0
0
0
0
0
0
0
0
0
0
0
0
0
0
0
0
0
0
1.3
1.5
0.7
10.5
25.8
44.3
61.5
89.6
52.5
107.5
116.1
86.1
225.1
164.3
155.8
230.9
404.7
221
316.5
414.1
511.7
296.6
705.6
501.1
865.5
284.5
575
376.4
565.4
332.9
476.2
430.2
409.3
493
464.1
490.9
285.2
643.3
361.6
244.2
608.3
230.5
102.7
392.2
110.5
183.9
75.8
41.5
22.6
46.8
12.6
1.6
2
3.6
0
0
0
0
0
0
0
0
0
0
0
0
0
0
0
0
0
0
1.1
3.3
0.7
20.5
10.1
51.5
34.6
134.6
78.5
127.4
95.7
214.3
185.3
253.6
255.8
420.5
388
296.6
481.1
596.4
489.7
531.2
420.8
656.9
576.1
714.1
590.2
506.4
648.5
579.1
561.6
608.8
550.3
506.9
507.6
589.3
320.7
400.8
370.3
233.8
366.2
329.1
122.2
190.9
255.8
213.7
50.6
76.5
19.1
90.1
22.7
3
11
3.1
0
0
0
0
0
0
0
0
0
0
0
0
0
0
0
0
0
0
2.8
0.5
1.2
25.4
27.9
44.2
63.1
122.1
134.2
174.2
118.6
177.7
331.6
169.2
411.6
407.6
253.5
504.4
441.9
330.5
565.8
332.4
559.8
336.1
636.7
381
333.5
395.2
653.4
416.4
460.2
472.9
311.7
647.9
316.7
263.9
461.5
297.8
235.6
224.9
189.1
244.1
152.3
127.2
138.1
118.5
82
56.7
27.8
30.5
21.8
2.3
3.4
2.8
0
0
0
0
0
0
0
0
0
0
0
0
0
0
0
0
0
0
2.1
0.8
3.9
27.7
15
64.1
78.2
155.7
74.6
193.2
197.1
121.3
177.6
205.2
445.5
246.3
369.6
180.9
217.9
370.5
168.3
169.1
209.8
544.8
331.9
185.5
724.9
397.3
216.3
791.6
741.4
365.6
221
660
189.2
184.4
147.3
568.3
196.6
166.8
447
125.4
126.6
301.5
86.5
166.9
27.8
69.6
46.6
12.8
17.6
2
2.4
2.2
0
0
0
0
0
0
0
0
0
0
0
0
0
0
0
0
0
0
3.9
1.5
1
21.9
58.8
14.5
72
165.6
43
137
69.2
91.4
282.7
85.4
426.5
200.8
552.8
124.9
298.5
654
178.5
487.3
722
231.9
503.9
762.3
215.6
476
771.5
244.3
484.6
732.9
227.7
620.8
237
460.2
444.1
238.9
206.3
150.2
293.4
163.9
103.1
234.3
96.5
129.8
59.9
62.2
30.4
46.5
25.9
6.4
3.2
4.7
0
0
0.1
0
0
0
0
0
0
0
0
0
0
0
0
0
0
0
2.8
1.8
1.6
16.2
56.5
12
50.6
165
51.1
90.1
95.6
81.2
425.3
120.2
140.7
553.9
156
216
260.1
654.5
224
279.8
323.9
732
310.1
771.7
382.5
780.4
241
322.2
304.7
745.2
274.5
677.9
315.4
208.5
578.6
243.9
164.5
119.3
190.9
456.3
103.4
129.3
321.5
54.6
114.1
186.8
24.6
69.3
23.2
3.1
5.5
4.1
0.1
0
0.2
0
0
0
0
0
0
0
0
0
0
0
0
0
0
0
1.7
6.5
0.8
26.8
62.5
12.5
77.5
42.6
79
70
160.2
117.4
175.7
99.6
389.6
149.1
425.9
221.2
388.6
309.7
261.4
612.8
426.1
365.3
279.4
411.3
645.5
367.8
671.4
234.4
345.2
642
320.4
612.3
304
355
284.9
300.9
572.9
233.5
284.3
180.6
187
100.6
232.7
106.8
58.3
122.2
54.5
41.2
23.6
6.4
11.8
4.1
0.2
0
0.1
0
0
0
0
0
0
0
0
0
0
0
0
0
0
0
5.3
2.5
5.2
79.4
60.5
31.6
87.4
124.7
189.1
160.8
214.1
152.3
291.9
248.9
236.8
494.4
342.9
357.2
612.6
450.8
421.6
756.1
473.6
555.1
539.5
497.4
665.3
440
542.8
694.7
572.8
379
523.7
462.6
391.6
656.1
354.3
453.3
380.5
263.3
214.8
274.1
178.2
161.5
132.9
157.5
97.6
109.3
45.8
37.7
68.4
8.3
5.9
13.8
0
0
0
0
0
0
0
0
0
0
0
0
0
0
0
0
0
0
5.6
2.8
4.4
88.4
42.5
69.1
131.1
88.7
177.8
133.9
100.2
168.8
437.9
169.2
163.2
203.1
418.7
562.5
330.8
662.9
498.4
477.5
735.4
351.4
302.5
516.7
766.7
350.1
321.8
776.4
397.1
254.5
742.7
679.1
297.7
246.3
583.6
307.6
305.2
253.2
463.8
260.2
129.8
331.6
122.4
56.7
199.3
91.3
80.2
44.6
28.9
4.8
8.3
7.1
0.2
0.3
0
0
0
0
0
0
0
0
0
0
0
0
0
0
0
0
1.9
7.3
4.1
75.9
34.9
14
88.5
185.5
43.6
172.5
91
138.7
307.8
450.1
134.4
576.2
441
218.2
534.3
622.2
241.3
567.5
280.2
528.7
533.4
541.4
359.3
502.9
532.3
359.8
598.7
349.8
550.5
563.4
263.5
379
308.4
254.6
529.1
230
465.6
349.6
253.5
178.7
353.3
72.2
121.8
237.4
26.7
84.8
117.6
8.7
5.2
12.5
0.2
0.3
0.1
0
0
0
0
0
0
0
0
0
0
0
0
0.1
0
0.2
3.3
5.1
5.7
75
21.5
41.5
89.7
66.5
218.4
265.6
102.8
201.8
157.7
342.7
394.5
264
321.7
290.4
433.4
337.8
440.1
414.4
520.9
433
380.5
366
518.8
481.6
545
606.5
412.8
683.2
561.1
409.3
339.5
512.9
384.5
206.2
300.3
284.2
222.9
163.6
153.4
227.1
123.7
70.4
85.5
196.1
63.6
38
20.9
11.6
10.2
3
0.5
0.4
0.1
0
0
0
0
0
0
0
0
0
0
0
0
0
0.1
0
3.5
4.8
3.2
23.3
29.9
25.6
97.7
71.8
67.3
137.2
164.9
120
254.4
134.1
280.2
357.6
326.4
200.7
409
182.5
348.8
572.3
474.3
330.4
488.4
593.8
428.4
334
477.9
692.8
582.6
513.4
605.6
346.3
361.9
371.8
464.1
323.1
268.3
317.4
240.6
224.2
159.4
179.8
105.5
90.1
78
59
34.8
37.5
30.9
6.1
8.8
4.3
0.2
0.2
0.5
0
0
0
0
0
0
0
0
0
0
0
0
0.2
0
0.1
2.1
8.7
4.8
41.7
25.6
43.9
61.3
91.3
58.5
141.1
90.1
122.5
190.8
157.9
154.5
213.4
191.6
238.6
347
277.7
360.5
493.4
404.2
342.6
387.4
432
729.3
663.4
495
515.6
790.6
446.5
483
491.8
361.1
456.7
454.4
242.1
278.9
254.8
333.1
275.9
179.4
213.9
146.7
214.7
75
152.7
53.3
27.6
74.4
6.1
12.4
9.2
0.1
0.5
0.3
0
0
0
0
0
0
0
0
0
0
0
0
0
0.1
0.3
3.9
5.8
7.8
59.2
53.1
42.4
110.8
62.4
98.9
159.3
141.9
144.7
196.5
219.3
284.7
228.4
311.8
465.1
336.4
365.8
283.1
490.4
365.3
358.3
469.5
422.6
648.3
462.9
520.4
669.2
525.2
576.6
652.7
558.9
484.1
632
433.4
328.3
622.3
282.8
332.8
452.4
193.9
337.1
211
245.3
185.3
89
69.6
92.3
45.3
11.6
10.5
10.4
0.7
0.2
0.4
0
0
0
0
0
0
0
0
0
0
0
0
0.3
0.2
0
5.2
4.6
7
32.5
25.6
35.4
75.7
65
100
136.2
129
151.5
249.4
208.2
372.9
281.5
549.1
247.8
338.1
402.9
658
456.1
408
719.5
385.8
353.1
747
310.9
379.2
790.5
292.4
411.6
768.8
481.3
711.5
292.5
386.5
289.6
619.1
219.9
182.8
187.1
112.3
54.2
99
28.2
72.9
18.4
7.5
0.8
0.2
0
0
0
0
0
0
0
0
0.2
0.4
6.4
4.2
49.8
22.1
152.7
48.9
120.3
178.5
215.3
312.7
310.5
387.6
513
436.7
480.9
424.9
584.8
526.9
374.3
520.8
355.9
561.1
461.3
749.6
504.3
655.9
398.6
397
316.1
155.9
112.2
72.5
39.8
52.4
11
17.3
0
1.1
0
0
0
0
0
0
0
0
0.4
0.2
7.7
8.1
37.2
83.6
86
164.2
114.9
122.2
226
247.9
352
327.5
462.8
518.1
608.9
520.8
723.2
556.5
686.2
355
486.3
682.2
576
738
391.2
342.8
371
262.2
222.1
196.3
205.3
111.5
29.6
80.3
8.5
12.2
0.2
1
0
0
0
0
0
0
0
0
0.2
0.4
6.3
7.6
24
27.1
70.7
55.8
98.2
157.9
254.2
165.7
237.1
329.9
358.8
297.3
316.5
488.5
622
298.3
301.6
651.9
328
672
503.5
252.8
282.3
249.9
240
232.2
194.4
235.6
127.8
149.2
52
63.3
18.3
10.5
1.6
0.7
0
0
0
0.2
0
0
0
0
0
0.2
6.6
13
53.8
65
139.7
144.3
113.6
199.6
284.5
223.3
342.2
295.3
387.3
316.3
518
343.3
342.4
578.5
358.9
766.4
598.3
341.9
374.6
345.3
266.5
124
184.1
250.5
234.5
109
57.9
199.3
28.3
112
20.3
9.7
0.9
0.6
0
0
0
0
0
0
0
0
1.2
0.3
6.1
28.2
159.3
43.8
291
121.8
198.8
255.3
239.4
511.2
299.2
457.8
360.1
363.8
393.4
459.8
447.1
419.7
479.8
388.2
612
242.5
314.4
447.9
634.8
225.6
562.2
217
203.8
148.5
95.3
154.3
63.4
32.7
17.4
8.1
0.7
1.3
0
0.1
0
0
0
0
0
0
0.6
0.4
13.3
9.7
45.3
34.7
74.8
90.2
110.5
172
169.8
246.9
212
535.1
611
325.5
421.6
728.6
477.6
621.7
391
679.8
558.6
368.9
602.5
304.4
236.4
315.1
177.5
189
116.3
121.3
52.8
70.7
39.9
26.2
8
26.9
0.8
2.2
0
0
0
0
0
0
0
0
0.1
0.5
10.8
18.8
83.4
42.2
252.2
95
175.4
161.8
211.6
387.8
574.6
233.3
653
316.7
737.7
338
352.9
675.5
692.9
368
680.4
337.3
313.5
701.3
278.7
544.4
480.6
202.2
234.8
126.8
72.1
203.3
36.3
85.9
18.5
9.4
2.4
0.8
0
0
0
0
0
0
0
0
0.7
0.6
8.1
9.6
35.6
40.9
91.1
76.7
119.2
168.2
306.3
171.6
353.3
398.9
401
325.2
389.3
508.8
555.2
490.3
401.4
469.3
354.6
396.9
449.5
368.4
288.4
340.4
284
321.7
190.1
269.7
119.5
317.3
148
60.1
16.7
29.8
1.8
0.5
0
0
0
0
0
0
0
0
0.5
0.1
41.5
8.5
38.1
126.7
73.1
230.6
155.3
129.2
463.7
227.8
257.5
617
403.9
717.7
789.6
506.1
826.8
593.2
539.7
832.3
540.6
793.9
735
573.6
639.9
427.8
229.1
522.5
177.6
391.5
257.1
103.9
56.7
133
13.9
22
0.8
1.7
0
0
0
0
0
0
0
0
0.5
0.5
25.6
7.7
38.9
111.2
227.4
147.4
159.4
214.8
282.2
473
351.9
619
401.5
714.1
491.8
794.1
827.3
496.7
548
836.6
512.7
795.7
735.8
737.7
636.7
625.5
512.1
514.3
143.8
386
84.1
251.4
112
53.7
20
17.7
2
0.8
0
0
0
0
0
0
0
0
0.7
0.8
26.2
12.7
108.7
55.6
219.2
151.6
161.7
201.5
389.2
449.6
592.2
570.4
686.4
694.4
752.6
761.2
805
811.6
849.5
818.6
784.2
637.2
380.1
733.8
310
649.9
536.9
239.3
407.1
339.6
218.9
273.6
126.9
146.9
18.8
38.6
1.2
2.9
0
0
0
0
0
0
0
0
0.2
0.8
17.7
11.3
59.8
89.3
113.5
196.2
200.1
170.7
376.6
437.9
600.8
575.7
692.7
678.7
762.8
759.6
807
797.3
815.5
802.4
761.2
780.2
728.3
700.6
628.7
642.3
530.7
519.6
382.2
403.6
192.2
284.3
140.2
95.1
19.3
34.4
2.6
2.5
0
0.1
0
0
0
0
0
0
1.1
0.8
11.9
9.8
41.1
40.1
78.6
101.9
113.5
198.5
278.2
287.7
440.1
499.4
682
613.9
558.7
761.2
807.8
587.3
590.9
818.4
782
401.7
404.7
730.1
644.2
387.7
282
530.9
403.7
145.4
271.6
49.7
148.5
23.3
10.7
41.6
1.5
4.6
0
0
0
0
0
0
0
0
1.2
0.5
12.4
9.6
33.4
19.5
49.9
65.3
155
86.2
167.2
93.8
341.8
268.6
331.4
318.9
379.1
484.6
703.8
311.1
797.5
339.7
311.6
802.6
324.4
742.3
256.8
653.8
132.9
537.3
121.9
410.6
115
280.6
77
166.2
54.2
19.5
2.8
1.1
0
0
0
0
0
0
0
0
0.9
0.4
22.1
7.8
28.4
72.9
128.8
78.5
140.6
160.8
233.3
303.8
334.2
217.5
193.7
614.8
313.4
581.2
309.8
730.8
827.1
323.8
760.9
374.2
387.3
433.3
346
205.7
81.9
342.2
67.1
190.8
62.4
114
89.1
39
16.2
8.5
1.1
1.3
0
0
0
0
0
0
0
0
0.9
1.4
9.4
12.2
32.4
52.5
114.5
117.2
164.8
267
152.7
367.3
293.3
587.9
324.9
686.3
261.7
711.7
751.3
394.7
803.7
456.2
741
315.5
611.7
302
379.9
501.8
228.3
472.8
92.8
298.5
48.3
248.6
18.6
138.8
44.5
5
3.7
0.5
0
0
0
0
0
0
0
0
0.3
1.8
24.7
20
107.3
78.9
201.9
76.5
112.1
224.5
370.7
170.4
544.7
145.6
552.8
239.8
240.7
545.7
625.8
231.8
651.7
220.6
532.3
208.2
255.5
279
243.4
253.8
259
329.5
269.6
167.2
122.9
118.8
54
34.8
22
15.7
2.3
4.2
0.1
0
0
0
0
0
0
0
1.3
0.9
15.2
11.5
135.2
33.6
91.7
242.5
156.6
121.8
304.5
154.3
152.1
371.3
657.2
175.9
197.4
556
887.8
318.7
541.2
856.9
553.7
375.1
317.4
357.7
325.9
329.8
112.8
223.5
67
166.1
86.5
80
58.1
38.9
21.7
15.4
3.2
1.2
0
0.1
0
0
0
0
0
0
1.2
1.4
21.1
25.1
93.6
78.1
203.9
83.1
169.7
238.1
369
241.4
582
316
607.9
690
597
769.3
814.4
630.5
746.6
666.6
692.2
448.5
508.6
719.1
430.8
257.7
379.2
85.2
53.2
435.9
34.3
164.1
127.8
10.3
44
3.3
0.3
4.4
0
0
0
0
0
0
0
0
1.1
1.1
21.3
8.4
46.4
90
191.4
61
91
233.7
363.6
270.6
367.1
575.5
410.6
678.1
757.2
443
793.2
351.5
713.7
318
290.2
243.6
248.6
478.2
383.7
288.5
204.3
200.7
198.5
203.5
108
246.1
69.9
63.7
30
10.3
3.6
1.8
0.1
0
0
0
0
0
0
0
0.6
0.2
3.5
6.7
11.7
19.5
44.2
35.9
79.1
70
141.3
144.4
206.4
164.6
184.3
486.8
286.4
439.2
411.8
323
408.2
613.3
334.7
497.2
397.4
196.3
353.2
164.5
248
141.3
151.5
191.8
115.6
203.7
55.4
33.3
37.3
20.6
5.3
4.3
0.2
0.1
0
0
0
0
0
0
1.8
1.5
9.2
24.6
26.8
46
44.3
81.8
132.5
124.5
138.4
301.6
435.2
221.8
627
260.3
634.2
333.6
370.9
687
592.1
539.7
371.2
602.9
578.9
390.9
476.1
563.8
244.6
350.6
182.7
301.4
161.8
179.5
54.8
106.4
30.2
29.9
4.3
7.1
0.1
0.2
0
0
0
0
0
0
1.3
2.4
27.2
35.5
116.5
96.2
217.1
146.8
189.8
243.1
392.7
320.9
484.1
388.8
759.6
667.7
777.2
633.6
468.8
822.3
836.5
310
319.2
812.7
754
293.9
354.6
418.8
322
287.6
162.9
357
91.7
235.3
154.4
53.6
55.5
12.8
6.7
2
0
0
0
0
0
0
0
0
1.2
2.1
19.1
20.1
69.5
49.2
121.7
94.9
219.7
127.8
243.1
315.4
544.8
484.6
715.6
460.2
648.9
565.9
561.6
754.1
812.7
767.2
776.5
649.2
360.8
729.8
217.3
651.2
533.3
236.9
409.4
317
93.9
282.5
52.6
160.6
53.1
25.3
4.8
3.5
0
0
0
0
0
0
0
0
4.3
3.5
43.6
16.8
42.7
83.1
213.6
73.8
123.7
212.1
432.5
179.2
235.6
601.2
648.5
113.8
462.8
133.7
136
380.2
143.4
705.2
184.6
784.1
212
578.3
630
220.6
149.3
200
99.1
347.2
53.8
223.7
151.3
21.3
16.2
41.2
2.3
3.7
0.1
0
0
0
0
0
0
0
2.1
1.9
35.5
33.9
120.3
42
229.7
129.2
219.2
114.4
438.6
109.7
602.4
145.2
657.4
181.9
737.6
217.3
213.4
852.7
858.8
254.4
205.7
783.8
247.2
578.8
135.6
480
199
139.5
104
96.9
49.7
74.6
25.8
42.3
10.5
6.5
2.4
1
0
0.2
0
0
0
0
0.1
0
1.7
0.7
5.1
10.9
43.1
14.4
39.6
102.9
88.1
172.9
165.9
289.1
370.9
201.7
420
220.5
227.2
448.5
174.5
627.4
727.7
189.1
695.8
162.3
195.9
139.2
116.9
75.6
135.3
87.8
82.1
97.2
71.2
113.9
75.9
34.5
12
33.1
6.2
2.2
0.2
0.3
0
0
0.1
0
0.1
0
1.2
0.2
16.4
2.1
60.3
7.2
224.8
12.1
266.2
23.3
451.1
76.4
122.9
611.9
146.3
741.9
811
190.1
299.1
906
812.3
344.9
211.9
794.3
743.9
246.3
143.2
664.2
462
144.5
78
240.9
118.1
46.6
26.3
89.8
53.6
11.6
1.8
3.6
0.1
0
0
0
0
0
0
0
1.2
1.4
8.4
40.1
86
51.6
133.4
69.1
186.1
121.3
147.1
165.1
258.2
244.1
502.2
257.7
356.4
551.5
402.5
368.5
324.4
472.3
235
318.7
185.8
220.9
298.5
128.2
351.8
193
154.8
258.7
67.9
170.1
25.9
141
10
49.4
1.3
7
0.1
0
0
0
0
0
0
0
0.6
1.5
29.5
5.8
13.5
83.3
158.4
28.4
60
230.5
244.9
199.7
244.2
567.3
691.3
190.8
352.1
770.9
658.3
250.7
210.9
726.8
656.8
245.1
594.2
256.3
392.1
195.1
174.2
311.4
219.8
461
327.7
145.8
158.7
62.8
35.2
29
4.9
4.4
0.2
0.1
0
0
0
0
0.1
0
0.8
1.6
13.1
19.1
32.4
56.6
56.3
115.3
161.7
103
147.9
200
188.7
166.2
191.7
210.1
294.5
240.3
366.7
199.4
293.2
344.9
254.9
269.2
274.4
256.3
152.5
292.1
138.5
176.2
120.9
120.1
103.9
82.6
42
70.7
13.1
19.3
3.4
2.7
0.1
0.1
0
0
0
0
0
0
1.1
2.3
16.7
10
37.8
24.3
72.8
47.9
75.9
120.8
124.8
216.2
204.3
311.8
302.7
338.4
445.3
327
388.3
458.2
324.3
386.3
362.7
359.2
297.9
348.3
268.4
250.3
309
147.2
362.3
96.7
66.9
179.9
71.9
28
41.8
5.8
1.7
7.1
0.1
0.4
0
0
0
0
0.1
0
1.3
1.4
9
8.7
34.2
25.5
61.1
73.7
94.2
137.8
247.9
179.4
405.1
256.5
412.5
431
347.3
472.7
393.1
491.8
433.2
454.5
396.5
460.1
305.2
418.2
434.6
297.6
234.4
245.5
170.9
194.9
131.9
112.1
51.3
65.1
15.2
19.4
3.8
4.8
0.2
0.1
0
0
0
0
0
0
3.4
1.1
6.7
37.7
23.4
64.7
63.8
185.2
213.5
105.8
121
469.1
252.8
607.1
542.5
692.5
766.5
390.6
325.5
643.6
337.7
645.4
401
264
363.3
253.9
190.2
317.3
241.6
203.8
251.4
237.7
107.3
154.6
62.4
57.8
23.7
36.6
4.8
4.4
0.1
0.1
0
0
0
0
0
0
0.9
2.7
9.3
34.3
109.7
37.2
112.4
192.2
233.6
145
219.8
421.7
552.4
393.4
488.7
691.6
774
357
335.7
766.2
711.6
341.6
614.6
442.4
185.5
584.9
133.6
249.3
106.5
215.1
111.7
286.9
179.4
69.5
54.7
101.5
26.9
27.1
6.1
2.5
0
0.3
0
0
0
0
0
0
1.8
1.4
11.5
10.7
37.6
33.1
90.5
138.7
217.9
256.1
325.9
300.5
456.2
336.4
215
470.6
178.6
553
436.4
202
664.8
254.4
313.2
770.2
219.6
486
122
446.2
99.8
446.2
447.3
57.6
44.9
173.5
23.6
76.8
12.4
24.2
3.5
1.9
0.4
0.1
0
0
0
0
0
0
0.9
1.8
3.9
16.9
35.9
21.4
51.2
32.4
94.5
61.9
102.5
78.3
137.7
136.7
172.2
175.6
287.3
234.2
340.2
315.6
270.6
310.4
282.4
283.2
233.3
191.7
238.5
199.9
207.8
139.7
145.6
97.6
98.2
64
21.5
79.9
33.2
10.8
6.6
2.6
0.1
0.3
0
0
0
0
0
0
1.4
1.5
5.6
15.5
49.2
22.3
115.3
36.6
74.6
137.7
135.8
244.2
410.8
274.6
603.8
293
287.3
463.8
439.6
280.2
342.7
357.1
302.3
339.1
345.6
242.2
223.8
247.8
181
184.2
123.5
88.4
77
67.9
55.1
47.6
17.8
25.4
1.9
3
0.1
0.2
0
0
0
0
0
0
0.9
1.1
15.8
7.5
21.6
61.5
57.2
106.6
133
171.3
181.7
204.7
236.6
226.7
307
331.7
378.3
307.3
399.5
400.6
457.8
467.9
350.7
378.3
341.7
302.4
265.2
257.5
195.1
227.7
166.9
112.3
51.7
107.5
27.5
69.4
26.5
11.1
6.5
1.4
0.1
0.1
0
0
0
0
0
0
1.9
0.8
16.3
15.2
59.8
48.2
83.2
205.1
273.1
139.9
208.2
256.9
316.3
276.7
415.7
420.4
271.6
577
655.3
299
263
710.4
612.4
544.2
356.2
259.3
193.2
277.8
188.2
300.2
171.2
179.9
87.9
84.7
48.4
41.1
35.8
15.9
9.6
2.8
0.3
0.1
0
0
0
0
0
0
0.4
1.1
8.9
9.9
54.2
21.6
76.3
39.4
79.7
120.6
194.7
191.2
565.2
194.2
679.3
268.9
612.7
300.9
805.4
583.5
751.5
572.6
642.7
424.3
335.4
394.4
288.5
270.2
163.1
354.7
94.6
254.6
60.4
256.5
31.2
164.6
56
14.2
1.9
4.4
0.1
0
0
0
0
0
0
0
0.7
0.7
19.5
5.1
19.4
88.3
56.8
192.4
246.8
101
228.2
321
557.5
405.8
660.2
387.6
480.2
739
416.1
788.3
806.1
308.1
777.6
246.6
194.4
723.9
183.4
637.1
122.7
536.6
115.9
401.4
96.6
285.1
165.7
46.2
10.4
56.9
5
1.2
0
0
0
0
0
0
0
0
0.4
1.5
9.4
16.3
32.1
87.4
101.4
191.4
170.7
246.2
323.6
184.5
272.7
563.2
290.3
667.3
747.4
340.2
408.6
794.9
407
806.5
352.8
765.1
714.6
260.5
627.9
184.1
113.1
534.9
137.9
393.8
78.1
244.8
37.8
152.5
12.5
57
3.7
6.2
0
0
0
0
0
0
0
0.1
1.5
0.4
11
16.7
66.3
38.9
122.3
170
321.5
285
429.3
258
457.2
513.8
647.4
508.7
709.1
543.6
780.9
767.3
724.8
584.3
638.5
715.1
655.8
723
485.6
456.2
490.6
407.8
246.3
381.8
263
248.8
134.4
113.1
38.3
31
3.2
4.1
0
0
0
0
0
0
0
0
0.5
0.8
23.3
14.3
93
75.3
195.8
130.1
210.6
194.9
292
378.4
535.7
548.4
646.5
630.1
729.3
727.5
772.1
776.7
783.5
792.1
747.2
766.7
695.2
453.1
609.8
480.4
383
497.8
107.3
372.3
241.7
84.1
126.8
58.9
27.5
34
5.8
2.7
0
0
0
0
0
0
0
0
0.8
0.3
15.3
22.6
94.1
80.3
181.7
202
231.6
199.8
396.8
309.9
557.2
536.1
666
636.2
706.1
719
755.3
774.1
788.8
675.3
512
758.1
377.1
710.9
375.6
629.9
520.2
206
138.4
396.6
268.5
102.8
147
82.3
45.7
16.2
2.5
0.9
0
0
0
0
0
0
0
0
0.2
0
13.1
14.5
139.5
70.7
169.7
208.8
227.3
229.3
321.4
289.9
273.6
545.8
309.9
547.2
360.9
390.2
403.7
428.4
462
314
353.2
218
154
345.2
210.7
319.4
270
300.9
268.4
168.5
63.1
156.6
34
79.4
10.5
12
2.6
1
0
0.1
0
0
0
0
0
0
0.4
0.2
8.6
2.4
48
8
69.7
18.1
134.2
33.6
151.2
42.7
204.5
82.7
223
55.7
271.9
44.7
263.7
50.9
223.4
53.6
50.8
175.6
74.5
142.4
54.3
102.4
82.3
49.3
54.2
32.3
29.1
32.4
21.5
14.2
4.1
9.3
0.7
1.2
0
0.1
0
0
0
0
0
0
1.3
0.4
12.7
9.4
13.1
59
17.2
110.9
172.4
50.1
355.9
92.6
426.1
160.1
180.6
429.5
157.3
170.8
187
104.2
236.6
118
125.7
535
197.8
80.7
187.2
87
444.9
119.9
88.2
187
76.9
63.9
115.1
32
23
9.7
4.8
1.3
0
0.1
0
0
0
0
0
0
0.6
0.2
9
3.5
51.1
13.1
50.1
98.4
77.4
143
116.1
223.8
228.9
236.5
325.8
275.7
289.7
479.2
273.3
416.7
365.8
303.2
567.1
354.2
196
547.2
230.6
544.2
414
219.6
273.4
192.6
248.8
108.9
135.5
39.6
17
17.6
1.4
1.5
0
0
0
0
0
0
0
0
0.3
0.2
21.1
6.9
91.1
23.6
29.2
161
171.4
38.8
388.4
102.1
541.3
204.4
342.8
581.7
520.9
354.8
334.3
439.2
484.8
423.4
365.5
287.4
142.9
179
98
126.6
78.4
103.8
162.2
63.8
88.1
80.5
50.4
47.1
26.7
20.2
1.9
3.9
0
0
0
0
0
0
0
0
0.2
0.3
6.1
6
69.3
58.6
161.9
196.7
208
195.6
374.6
349.5
310.3
555.6
652.7
320.9
725.6
493.9
764.5
452.3
758.5
676.6
823.3
739
719
692.2
604.2
581.9
491.2
446.2
368.6
286.5
152.1
239.3
124.9
72
30.3
16.9
1.2
1.8
0
0
0
0
0
0
0
0
0
0.1
12.2
7.3
64.3
29.4
149.7
146.8
185.6
210
321.5
316.8
493
546.6
597.4
418.8
684.9
160.9
730.1
134.2
697.5
103.7
628.5
66.5
64.4
552.4
76.2
389
63
282.9
168.9
43.6
13.5
32
26.4
12.1
8
4.5
0.5
1.1
0
0
0
0
0
0
0
0
0.1
0.1
3.8
3.4
37.1
15
57
103.9
120.4
117.9
149.4
197.8
191.7
329.9
248.1
546.1
294.7
304.8
297.8
176
295
188.9
107.9
147.5
175.1
90.5
105.2
122.5
94.7
120.5
37.8
111.1
44.4
26.8
20.3
33.8
5.8
9.5
0.5
0.8
0
0
0
0
0
0
0
0
0.6
0.1
8.3
2.9
23.5
21.2
102.1
54.2
126.9
156.8
175.7
249.6
211
328.9
445.3
270.8
424.5
394
552.3
468.1
702.1
449.6
466.4
815.7
494.9
755.3
612.7
317.7
481.9
238
283.2
374.3
143.5
228
65.2
98.5
25.4
30.9
3.7
1.5
0
0
0
0
0
0
0
0
0
0.3
16.5
5.1
76.2
25.9
157.2
69
187.1
158.7
347.5
261.6
397.6
374
453.5
466.1
201.9
555.3
409.5
276.3
305
498.9
261.9
338.2
326.2
208.5
259.2
164.4
220.3
146.9
124.1
299
173.8
220.1
30.6
106.1
19.7
22
0.8
1.9
0
0
0
0
0
0
0
0
0.2
0
4.1
4.6
7.5
51.2
28.8
138
95.5
157.9
264.2
280.6
462.6
523.3
512.3
586.5
701.5
547.1
662.9
621.3
657.1
384.2
272.8
328.3
360.8
193.7
224.2
272.4
127.9
507
331.6
78.6
49.2
186
22.6
127.7
6
41.7
1.8
0.8
0
0
0
0
0
0
0
0
0.1
0
6.7
1.8
19.1
50.5
26.5
161.1
47.4
188.7
80.7
305.1
94.6
525.8
120.8
633
120.1
720.7
98.9
741.1
103.3
740.8
729.8
90.3
107.7
617.4
91
445.4
379.4
72.2
296.3
55.7
32.7
281.6
17.5
95.1
24.5
3.7
0.6
1.5
0
0
0
0
0
0
0
0
0.1
0
3.6
4.1
52.1
15.7
43.5
149.1
173.1
107.2
117.7
295.8
173.9
503
620.3
205.6
246.1
698.6
284.1
750
281
766.7
745
226.1
175
688.7
164.2
612.2
106.3
500.8
99.8
378.3
49.5
249.4
130.8
19.1
5
31.3
0.3
1.3
0
0
0
0
0
0
0
0
0.1
0
10.7
3.7
52.1
50.7
148.1
112.8
125
164.8
161.6
294.7
514.4
252.7
620
178.1
138.1
699.7
216.5
752.2
769.9
208.1
209
624.3
257
624
334.1
494.2
492.2
172.5
51.9
382.1
146.1
253.4
29.6
131.9
30.6
6.9
0.3
1
0
0
0
0
0
0
0
0
0.1
0
3
3.9
37.7
41.3
137.9
83.3
117.7
169.2
380.3
305.4
516.1
505.3
623.2
623.6
700.8
700.8
745
745
764.9
764.9
738.8
738.8
692.3
692.3
608.9
608.9
502.7
502.7
378.9
378.9
251.7
251.7
130.5
130.5
21.3
21.3
0.3
0.3
0
0
0
0
0
0
0
0
0
0
3.2
3.2
48.6
48.6
146.8
146.8
158.6
158.6
304.7
304.7
523.5
523.5
631
631
714.7
714.7
764
764
779.8
779.8
751.8
751.8
704.6
704.6
624.4
624.4
513
513
385.5
385.5
171.7
171.7
100.2
100.2
13.2
13.2
0.8
0.8
0
0
0
0
0
0
0
0
0
0
4.4
4.4
30.5
30.5
94.8
94.8
145.9
145.9
236.1
236.1
297.1
297.1
310.4
310.4
341.5
341.5
245.8
245.8
188.7
188.7
152.9
152.9
146.3
146.3
141.3
141.3
117.9
117.9
94.4
94.4
58.3
58.3
16.8
16.8
6.3
6.3
0.4
0.4
0
0
0
0
0
0
0
0
0
0
2
2
14.6
14.6
60.9
60.9
93.7
93.7
155.3
155.3
261.1
261.1
222.8
222.8
165.6
165.6
147.2
147.2
153.3
153.3
110.7
110.7
120.9
120.9
99.1
99.1
65.8
65.8
55.1
55.1
26.8
26.8
14
14
4
4
0.4
0.4
0
0
0
0
0
0
0
0
0
0
1.3
1.3
12.3
12.3
57.3
57.3
85
85
105.5
105.5
136
136
233.4
233.4
225.9
225.9
140.1
140.1
136.3
136.3
134.5
134.5
212.3
212.3
146.1
146.1
122.7
122.7
92.4
92.4
58.5
58.5
16.3
16.3
2.6
2.6
0.3
0.3
0
0
0
0
0
0
0
0
0
0
1.1
1.1
9.6
9.6
36.5
36.5
56.2
56.2
102.1
102.1
162.6
162.6
187.4
187.4
100.6
100.6
174.8
174.8
152.3
152.3
215.9
215.9
221.7
221.7
149.2
149.2
54.7
54.7
86.8
86.8
46.4
46.4
23
23
6.1
6.1
0.4
0.4
0
0
0
0
0
0
0
0
0
0
0.5
0.5
5.9
5.9
27.5
27.5
82.1
82.1
112
112
144.7
144.7
148.7
148.7
225.9
225.9
390.2
390.2
349
349
253.7
253.7
243.2
243.2
147.7
147.7
192.8
192.8
125.3
125.3
97
97
78
78
20.2
20.2
0.7
0.7
0
0
0
0
0
0
0
0
0
0
1.4
1.4
17
17
70.9
70.9
159.7
159.7
127.5
127.5
205
205
179.3
179.3
154.7
154.7
169.2
169.2
161.7
161.7
222.5
222.5
371.7
371.7
448.2
448.2
154.8
154.8
67.5
67.5
99.3
99.3
50.1
50.1
11.2
11.2
0.4
0.4
0
0
0
0
0
0
0
0
0
0
0.8
0.8
12.7
12.7
32.2
32.2
90.2
90.2
163.2
163.2
220.6
220.6
233.2
233.2
302.4
302.4
243.1
243.1
196.1
196.1
193.2
193.2
209.7
209.7
244
244
243.6
243.6
145.4
145.4
64.2
64.2
42.7
42.7
15.5
15.5
0.6
0.6
0
0
0
0
0
0
0
0
0
0
1.8
1.8
12.2
12.2
71.4
71.4
153.9
153.9
226.2
226.2
292
292
370.2
370.2
431
431
641.2
641.2
501.3
501.3
287.9
287.9
175.8
175.8
178.9
178.9
353.9
353.9
374.3
374.3
106.1
106.1
71.7
71.7
15.3
15.3
0.2
0.2
0
0
0
0
0
0
0
0
0
0
0.6
0.6
25.8
25.8
82.3
82.3
107.4
107.4
241
241
413.2
413.2
527.1
527.1
620.7
620.7
690.9
690.9
723.3
723.3
692.6
692.6
656.4
656.4
555.7
555.7
432.1
432.1
283.6
283.6
228.9
228.9
109.6
109.6
9.7
9.7
0.2
0.2
0
0
0
0
0
0
0
0
0
0
0.6
0.6
16.1
16.1
53.1
53.1
142.1
142.1
211.2
211.2
378.7
378.7
343.3
343.3
387.3
387.3
620.5
620.5
436.9
436.9
256
256
201
201
149
149
75.8
75.8
66.7
66.7
56
56
31.7
31.7
4.3
4.3
0.2
0.2
0
0
0
0
0
0
0
0
0
0
0.4
0.4
6.1
6.1
20.8
20.8
44.5
44.5
60.6
60.6
81.1
81.1
105.1
105.1
94.1
94.1
100
100
90.8
90.8
67.9
67.9
83.1
83.1
71.8
71.8
54.8
54.8
34.3
34.3
28.9
28.9
15.6
15.6
1.9
1.9
0
0
0
0
0
0
0
0
0
0
0
0
0.3
0.3
11.5
11.5
41.9
41.9
62.8
62.8
73.6
73.6
96.5
96.5
127
127
177.9
177.9
366.3
366.3
266.9
266.9
339.5
339.5
312.5
312.5
199.3
199.3
125.9
125.9
151.8
151.8
126.2
126.2
69.3
69.3
9.2
9.2
0
0
0
0
0
0
0
0
0
0
0
0
0.5
0.5
13.4
13.4
83.7
83.7
251.1
251.1
268.9
268.9
402.5
402.5
340.2
340.2
465.2
465.2
453.5
453.5
377.5
377.5
383.6
383.6
250.6
250.6
216.9
216.9
188.8
188.8
116.3
116.3
66.3
66.3
27.1
27.1
3.9
3.9
0
0
0
0
0
0
0
0
0
0
0
0
0.2
0.2
12
12
71.5
71.5
102.5
102.5
128.6
128.6
169.4
169.4
223.7
223.7
293.7
293.7
264.5
264.5
198.2
198.2
175.9
175.9
128.5
128.5
179
179
151
151
124
124
60.8
60.8
18.8
18.8
2.3
2.3
0
0
0
0
0
0
0
0
0.1
0.1
0
0
0.3
0.3
8.5
8.5
22.4
22.4
37.3
37.3
100.9
100.9
124.1
124.1
254.1
254.1
396.1
396.1
383.8
383.8
439.3
439.3
324.1
324.1
223.9
223.9
127.7
127.7
86.3
86.3
100.9
100.9
99.7
99.7
32.9
32.9
3.5
3.5
0.1
0.1
0
0
0.2
0.2
0
0
0
0
0
0
0.1
0.1
6.2
6.2
38.6
38.6
64
64
139.7
139.7
213.1
213.1
252.6
252.6
321.1
321.1
306.9
306.9
267.6
267.6
362.3
362.3
254.8
254.8
175.6
175.6
401.2
401.2
314.2
314.2
57.5
57.5
17.8
17.8
5.3
5.3
0
0
0
0
0
0
0
0
0
0
0
0
0
0
11
11
59.8
59.8
212.4
212.4
291.3
291.3
306.4
306.4
443.4
443.4
620.8
620.8
286.2
286.2
380.7
380.7
478.3
478.3
307.6
307.6
192.8
192.8
239.4
239.4
135.1
135.1
72.9
72.9
24.4
24.4
2.5
2.5
0
0
0
0
0
0
0
0
0
0
0
0
0.1
0.1
9.7
9.7
72.8
72.8
183.4
183.4
201.4
201.4
407.3
407.3
499.1
499.1
407.4
407.4
460.5
460.5
398.8
398.8
301.5
301.5
196.1
196.1
206.7
206.7
265.5
265.5
301.1
301.1
139
139
33.7
33.7
2.9
2.9
0
0
0
0
0
0
0
0
0
0
0
0
0
0
10.6
10.6
81.6
81.6
109.7
109.7
230.5
230.5
358.9
358.9
446.2
446.2
291.5
291.5
307.1
307.1
316.9
316.9
248.3
248.3
230.3
230.3
144.7
144.7
98.3
98.3
86.7
86.7
43.5
43.5
7.6
7.6
0.2
0.2
0
0
0
0
0
0
0
0
0
0
0
0
0
0
4.6
4.6
26.2
26.2
62.4
62.4
93.8
93.8
146.1
146.1
302.9
302.9
471.7
471.7
501.9
501.9
561.4
561.4
456.8
456.8
261.1
261.1
179.4
179.4
92.3
92.3
35.5
35.5
21.4
21.4
6.7
6.7
0.4
0.4
0
0
0
0
0
0
0
0
0
0
0
0
0.1
0.1
2.4
2.4
12.2
12.2
28.8
28.8
66.5
66.5
99.4
99.4
117.6
117.6
192.7
192.7
351.8
351.8
226
226
349.2
349.2
313.4
313.4
256.7
256.7
122.9
122.9
51.6
51.6
24
24
12.2
12.2
1.3
1.3
0
0
0
0
0
0
0
0
0
0
0
0
0
0
4
4
39
39
110.8
110.8
170.1
170.1
290.9
290.9
423.8
423.8
296.3
296.3
299.3
299.3
238.4
238.4
157.6
157.6
148
148
130.6
130.6
56.5
56.5
83.1
83.1
39.9
39.9
9.1
9.1
0.7
0.7
0
0
0
0
0
0
0
0
0
0
0
0
0
0
8.9
8.9
27.6
27.6
65.6
65.6
147.9
147.9
229.8
229.8
220.8
220.8
171.5
171.5
170
170
269.5
269.5
146.6
146.6
131.1
131.1
145.5
145.5
103
103
68.5
68.5
40.7
40.7
14.5
14.5
1.1
1.1
0
0
0
0
0
0
0
0
0
0
0
0
0
0
2.4
2.4
32.1
32.1
60.7
60.7
99.5
99.5
175.9
175.9
330.3
330.3
314.9
314.9
271.5
271.5
208.4
208.4
178.1
178.1
130.4
130.4
102.3
102.3
113.1
113.1
79.9
79.9
37.9
37.9
6.7
6.7
0.3
0.3
0
0
0
0
0
0
0
0
0
0
0
0
0
0
2.9
2.9
30.7
30.7
104.5
104.5
144.5
144.5
179
179
235.6
235.6
358.9
358.9
362.9
362.9
341.4
341.4
260.7
260.7
216.9
216.9
176.2
176.2
155
155
89.6
89.6
75.5
75.5
27.6
27.6
0.9
0.9
0
0
0
0
0
0
0
0
0.1
0.1
0
0
0
0
2.8
2.8
45.4
45.4
79.1
79.1
233.1
233.1
416
416
390.2
390.2
446.5
446.5
282
282
226.1
226.1
447.5
447.5
292.6
292.6
173
173
142.1
142.1
110.1
110.1
81.6
81.6
18.4
18.4
1.2
1.2
0
0
0
0
0
0
0
0
0
0
0
0
0
0
1.5
1.5
10.8
10.8
24.3
24.3
44.2
44.2
119.9
119.9
124.9
124.9
145.2
145.2
187.6
187.6
162.9
162.9
138.3
138.3
140.8
140.8
149.3
149.3
97.6
97.6
47.1
47.1
35
35
9.9
9.9
0.2
0.2
0
0
0
0
0
0
0
0
0
0
0
0
0
0
1.8
1.8
22.2
22.2
42.5
42.5
50.5
50.5
74.7
74.7
79.6
79.6
131
131
195.8
195.8
302.2
302.2
198.6
198.6
199.7
199.7
66.9
66.9
105.2
105.2
69
69
32
32
2.5
2.5
0.2
0.2
0
0
0
0
0
0
0
0
0
0
0
0
0
0
0.9
0.9
12.1
12.1
35.4
35.4
58.9
58.9
41.2
41.2
57.8
57.8
64.1
64.1
118
118
157
157
200
200
186
186
90.3
90.3
71
71
38.4
38.4
24
24
2.5
2.5
0.2
0.2
0
0
0
0
0
0
0
0
0
0
0
0
0
0
0.4
0.4
2.8
2.8
13.8
13.8
22.9
22.9
78.3
78.3
84.6
84.6
59.2
59.2
86.3
86.3
52
52
70.5
70.5
97.3
97.3
242.4
242.4
282.6
282.6
170.1
170.1
50.6
50.6
8
8
0.1
0.1
0
0
0
0
0
0
0
0
0
0
0
0
0
0
0.6
0.6
25
25
81
81
250.4
250.4
329.8
329.8
433.2
433.2
592.6
592.6
502.7
502.7
373
373
165.2
165.2
192.3
192.3
162.5
162.5
134.7
134.7
129.5
129.5
114
114
17.6
17.6
0
0
0
0
0
0
0
0
0
0
0
0
0
0
0
0
0.5
0.5
20.7
20.7
40.2
40.2
59
59
119.7
119.7
191
191
138.8
138.8
69.8
69.8
88.5
88.5
74.3
74.3
61.3
61.3
65.3
65.3
47.3
47.3
38
38
15.8
15.8
2.6
2.6
0
0
0
0
0
0
0
0
0
0
0
0
0
0
0
0
1.1
1.1
15
15
46.3
46.3
145.2
145.2
243.2
243.2
477.4
477.4
446.1
446.1
652.3
652.3
212.9
212.9
105.1
105.1
127.4
127.4
154
154
71.6
71.6
127.8
127.8
40.7
40.7
5.6
5.6
0
0
0
0
0
0
0
0
0
0
0
0
0
0
0
0
1.1
1.1
31.1
31.1
88.2
88.2
99.7
99.7
182.5
182.5
221
221
230
230
301.3
301.3
358.1
358.1
268.6
268.6
227.1
227.1
192
192
150
150
82.6
82.6
26.7
26.7
1.9
1.9
0
0
0
0
0
0
0
0
0
0
0
0
0
0
0
0
0.1
0.1
1.8
1.8
15
15
39.6
39.6
52.4
52.4
62.1
62.1
84.9
84.9
117.1
117.1
92.2
92.2
92.9
92.9
69.4
69.4
98.5
98.5
80.6
80.6
50.2
50.2
38.8
38.8
4.5
4.5
0
0
0
0
0
0
0
0
0
0
0
0
0
0
0
0
0.4
0.4
22.8
22.8
50
50
104
104
144.5
144.5
93.1
93.1
88.5
88.5
87.9
87.9
191.1
191.1
257.5
257.5
203.6
203.6
196.6
196.6
103.9
103.9
80.1
80.1
89.3
89.3
3.2
3.2
0
0
0
0
0
0
0
0
0
0
0
0
0
0
0
0
0.2
0.2
20.7
20.7
65.2
65.2
264.7
264.7
386.6
386.6
492
492
577.2
577.2
631.6
631.6
650.7
650.7
618.3
618.3
550.9
550.9
452
452
353.5
353.5
224.9
224.9
89.5
89.5
8.4
8.4
0
0
0
0
0
0
0
0
0
0
0
0
0
0
0
0
0
0
15.1
15.1
65.4
65.4
248.3
248.3
365.6
365.6
485.2
485.2
558.9
558.9
575.6
575.6
623.4
623.4
601.8
601.8
536
536
383.9
383.9
156.7
156.7
118.9
118.9
41
41
2.7
2.7
0
0
0
0
0
0
0
0
0
0
0
0
0
0
0
0
0.1
0.1
6.2
6.2
47.8
47.8
116.7
116.7
261.1
261.1
489.4
489.4
125
125
255
255
296.1
296.1
285.3
285.3
158.2
158.2
219.2
219.2
113.2
113.2
73.7
73.7
24.7
24.7
2.5
2.5
0
0
0
0
0
0
0
0
0
0
0
0
0
0
0
0
0.1
0.1
19.4
19.4
66.8
66.8
235.5
235.5
353.8
353.8
475.4
475.4
558.5
558.5
607
607
620.2
620.2
403.4
403.4
244.7
244.7
181.2
181.2
108.1
108.1
72.5
72.5
30.6
30.6
1.7
1.7
0
0
0
0
0
0
0
0
0
0
0
0
0
0
0
0
0
0
11.9
11.9
51.5
51.5
234.9
234.9
356.4
356.4
481.7
481.7
449.3
449.3
497.5
497.5
277.5
277.5
123.5
123.5
209.7
209.7
161.2
161.2
96.1
96.1
57.1
57.1
34.4
34.4
2
2
0
0
0
0
0
0
0
0
0
0
0
0
0
0
0
0
0
0
16
16
56.4
56.4
226.2
226.2
350.1
350.1
461
461
547.8
547.8
595
595
606
606
579.6
579.6
460.9
460.9
447.4
447.4
338.5
338.5
184.4
184.4
41.1
41.1
1.3
1.3
0
0
0
0
0
0
0
0
0
0
0
0
0
0
0
0
0
0
14
14
54.8
54.8
224.8
224.8
343.6
343.6
450.9
450.9
537
537
588.6
588.6
600.7
600.7
572.4
572.4
509.5
509.5
414.5
414.5
296
296
165.3
165.3
42.2
42.2
0.4
0.4
0
0
0
0
0
0
0
0
0
0
0
0
0
0
0
0
0
0
13.3
13.3
55
55
220.1
220.1
345.9
345.9
451.8
451.8
534.8
534.8
590
590
485.2
485.2
559.2
559.2
512
512
376.6
376.6
238.6
238.6
224.9
224.9
41.8
41.8
0.4
0.4
0
0
0
0
0
0
0
0
0
0
0
0
0
0
0
0
0
0
10.5
10.5
53
53
212.7
212.7
337
337
444.6
444.6
525.2
525.2
574.9
574.9
586.3
586.3
568.5
568.5
500
500
375.2
375.2
221.6
221.6
90.4
90.4
51
51
0.8
0.8
0
0
0
0
0
0
0
0
0
0
0
0
0
0
0
0
0
0
1
1
12.8
12.8
87.2
87.2
198
198
406.1
406.1
473.9
473.9
363.7
363.7
459.5
459.5
279.6
279.6
192.6
192.6
104.9
104.9
86.7
86.7
54.4
54.4
6.9
6.9
0
0
0
0
0
0
0
0
0
0
0
0
0
0
0
0
0
0
0
0
3.3
3.3
36.3
36.3
102.3
102.3
184.1
184.1
275.9
275.9
267.2
267.2
275
275
299.4
299.4
286.9
286.9
161.5
161.5
168.1
168.1
58.5
58.5
35
35
22.6
22.6
0.4
0.4
0
0
0
0
0
0
0
0
0
0
0
0
0
0
0
0
0
0
5.8
5.8
51.9
51.9
200.1
200.1
322.3
322.3
429.1
429.1
510.9
510.9
557.3
557.3
569.4
569.4
543
543
481
481
386.2
386.2
270.4
270.4
143.4
143.4
31.9
31.9
0
0
0
0
0
0
0
0
0
0
0
0
0
0
0
0
0
0
0
0
6
6
49.7
49.7
199.1
199.1
322.6
322.6
430.6
430.6
515.6
515.6
564.2
564.2
574.9
574.9
546.2
546.2
483.1
483.1
368.7
368.7
209.1
209.1
124.8
124.8
14.3
14.3
0
0
0
0
0
0
0
0
0
0
0
0
0
0
0
0
0
0
0
0
5.3
5.3
48.1
48.1
189.7
189.7
313.4
313.4
423.2
423.2
506.4
506.4
556.2
556.2
568.4
568.4
538.1
538.1
472.6
472.6
380.3
380.3
212.9
212.9
128.1
128.1
23.8
23.8
0
0
0
0
0
0
0
0
0
0
0
0
0
0
0
0
0
0
0
0
4.4
4.4
51
51
187.4
187.4
316.8
316.8
412.4
412.4
507.6
507.6
519.7
291.2
321.9
460.7
480.4
194
116.3
417
367.2
126.6
83.6
249.9
125
32.7
18.5
7.4
0
0
0
0
0
0
0
0
0
0
0
0
0
0
0
0
0
0
0
0
5.7
4.9
24.4
39.7
157.4
57.7
275.1
105.1
385.3
240.5
192.3
463
428.7
208.6
123.2
521.6
493.5
127.1
445
51.3
362.9
45.9
20.3
235.3
121.1
9.5
14.1
1.8
0
0
0
0
0
0
0
0
0
0
0
0
0
0
0
0
0
0
0
0
2
1
9.1
30.4
167.4
47.1
96.8
295.4
385.8
81.4
440.2
84.5
542.7
92.3
559.4
126.4
524.4
101.2
153.6
451
95.4
353.1
151.7
59.8
107.9
10.8
1.5
12
0
0
0
0
0
0
0
0
0
0
0
0
0
0
0
0
0
0
0
0
2
1.4
42.1
12.6
169.5
32.3
38.9
291
394.7
69.7
476.3
146.5
522
176
157.6
531.1
501.6
181.3
437
161.5
260.6
130.2
209.8
48.6
88.5
19.9
1.4
3.5
0
0
0
0
0
0
0
0
0
0
0
0
0
0.1
0
0
0
0
0
0
3.2
1
24.6
28.9
82.4
84.3
208
169
206.5
175.7
260.6
180.5
308.4
114
457.3
174.5
298.5
144.9
265.7
187.8
146.5
77
52.5
66.3
35.4
9.2
0.7
3
0
0
0
0
0
0
0.2
0
0
0
0
0
0
0
0.2
0
0
0.1
0
0
1.6
0.7
33.2
21.2
49.7
66.3
211.5
75.6
109.7
159.6
119.5
204.6
95.9
164.1
138.4
121.2
129.8
182.3
150.2
71.3
64.3
77.4
31.9
41.7
23.5
13
5.3
2.8
0
0
0
0
0
0
0
0
0
0
0
0
0
0
0
0
0
0
0
0
1.8
0.5
7.8
10.9
48.6
34.9
100.4
96.7
333.8
155.1
306.5
187.4
303.3
118.6
89.9
318.2
182.2
272.6
195.5
181.2
141.1
110
74.2
97.8
27.9
30
2.5
2.4
0
0
0
0
0
0
0
0
0
0
0
0
0
0
0
0
0
0
0
0
1.1
0.6
30.7
16.6
153.1
58.1
75.5
256.9
377.6
64.7
494.4
126.2
200.1
402.2
104.4
162.1
127.7
91
79
64
82
43.1
58.3
28.3
21
24.9
1.1
3.1
0
0
0
0
0
0
0
0
0
0
0
0
0
0
0
0
0
0
0
0
0.8
2.7
18.6
102.7
252.8
71.1
242.3
354.5
399.4
435
480.1
494
519.2
537.5
471.5
426.9
423.2
253.5
404.5
236.8
143.9
225.9
103.7
71.6
27.4
17.1
2.3
1.3
0
0
0
0
0
0
0
0
0
0
0
0
0
0
0
0
0
0
0
0
1.5
0.3
18.2
23.2
140.2
112.4
205.9
208
166.2
396.8
256
402
368.5
261.1
269.7
469.3
423.4
85.9
383.5
80.7
294.9
58
91.9
74
11.7
18.3
1
0.2
0
0
0
0
0
0
0
0
0
0
0
0
0
0
0
0
0
0
0
0
0.2
0.5
4.8
19.7
19.3
64.5
127.1
43.2
183.9
37.7
249.9
95.8
137.1
82.6
139.3
91.3
85
88.5
58.4
64.8
40.2
48.6
24
26.5
6.8
10.1
0.5
0.3
0
0
0
0
0
0
0
0
0
0
0
0
0.1
0
0
0
0.1
0.1
0
0
0.2
0.5
4.2
27.7
150.3
14.9
188.2
29.6
76
234.4
324.2
89.1
366.7
79.5
209.9
46.3
41.7
193.4
236.9
42.4
35.1
165.5
108.5
20.6
34.7
6
1.4
0.2
0
0
0
0
0
0
0
0
0
0
0
0
0
0
0
0
0
0
0
0
0.2
0.1
26.3
12.9
27.9
131.6
248.7
43
61.1
352.6
430.3
106.8
83.3
479.6
486.4
146.1
436.7
75.1
352.5
31.6
214
28.5
87.8
28.5
15.7
19.9
0.2
0.5
0
0
0
0
0
0
0
0
0
0
0
0
0
0.2
0.2
0
0
0
0.1
0
0.4
0.1
1.6
12.5
55.6
12.8
34.6
122
99.2
389.8
249.5
262.3
156.5
203.5
229.8
145.9
163.3
119.1
182.5
100.9
69.5
171.3
96.2
43
33.6
16.6
0.7
0.2
0
0
0
0
0
0
0
0
0
0
0
0
0
0
0
0
0
0
0
0
0
0.6
16.6
36.5
123.6
103
113.3
239.9
243.3
344.6
396.2
290.5
465.9
243.7
197.2
317.1
196
204.5
276.9
158.1
147.5
137.1
82.6
89.6
15.6
13.8
0.3
0
0
0
0
0
0
0
0
0
0
0
0
0
0
0
0
0
0
0
0
0
0
0.3
9.1
9.2
82.2
103.5
145.3
204.2
293.9
216.4
356.6
424.5
367.5
393.7
355.2
391.1
322.6
230.8
172.4
231.6
125.7
67.9
32
57.2
15
7.2
0.1
0
0
0
0
0
0
0
0
0
0
0.1
0
0
0
0
0
0
0
0
0
0
0
0.3
10.4
3.4
64.9
20.7
45.2
143.8
92.1
128.7
77.9
101.9
129.9
61
132.6
59.6
91.8
65.1
74
47
34.4
38.2
11.4
16.8
1.5
4.1
0
0.1
0
0
0
0
0
0
0
0
0
0
0
0.1
0
0
0.1
0
0.1
0
0.1
0
0.3
0.1
14.6
13.9
49.3
47.8
76.9
118.7
239
110.9
133.2
361.1
336.8
164.4
155.7
395.2
423.7
146.9
320.6
104.8
220.8
48.3
73.3
16.2
11.7
3.6
0
0
0
0
0
0
0
0
0
0
0
0
0
0
0
0
0
0
0
0
0
0
0
0.3
15.2
9.3
100.5
69.8
113.6
211.7
313
205.3
389.7
463.8
434
339.2
261.9
442.3
416.6
259.6
350.8
169.5
254
105.1
41
69.1
7.4
8.5
0
0
0
0
0
0
0
0
0
0
0
0
0
0
0
0
0
0
0
0
0
0
0
0.3
5.9
28
101.8
182.5
218.4
289.7
324.1
344.5
400
402.1
445.3
438
449
433.7
413.5
399
325.2
344.9
246.5
221.3
61
36.3
6
6.1
0
0
0
0
0
0
0
0
0
0
0
0
0
0
0
0
0
0
0
0
0
0
0
0
0
0
0
0
0
0
0.7
0
6.3
17.9
14.5
106.7
92.1
69.5
220.1
146.5
207.4
253.3
222.3
253.1
210.3
287.8
210.4
127.2
395.1
338.5
365.5
245.1
98.5
356
210.4
87.8
251.3
65
75.3
25
41.8
128.9
8
64.7
12.4
8.2
1.8
0.7
0
0
0
0
0
0
0
0
0
0
0
0
0
0
0
0
0
0
0
0
0
0
0
0
0
0
0
0
0
0
0
0
0
0.1
0
0
5.7
8.1
7.9
20
42.8
43.4
77
87.6
110
111.3
79.7
107.5
146.2
93.2
132.8
142.1
97
180
160.3
210.1
136.2
179.4
105
97.6
77.8
164
123.2
58.1
77.5
62.1
25.4
24
28.1
3.8
2.6
2.3
0
0
0
0.2
0
0
0
0
0
0
0
0
0
0
0
0
0
0
0
0
0
0
0
0
0
0
0
0
0
0
0
0
0
0
0
0
3.4
23.9
8.6
171.4
26.2
36.8
202.6
70.9
77.5
169.6
245.7
92.5
81.6
354.7
173.5
520.1
144.9
140.8
451.5
131.8
81.8
363.7
141.3
62
64
79.8
159.9
105.6
38
60.5
44.1
24.6
13.9
2.5
1.7
7.3
0
0
0
0
0
0
0
0
0.1
0
0.2
0
0
0
0
0
0
0
0
0
0
0
0
0
0
0
0
0
0
0
0.2
0
0
0
0
0
2.3
5.1
5.3
14.8
55.9
27.9
40.5
124.7
193.4
348.3
49.4
103.2
342.5
98.7
109.7
146.5
355.4
103
256.2
77.2
207.4
50.6
275.7
223.7
205.5
136.7
41.6
65.1
169.1
28.1
54.5
10.3
39.2
1.5
6.7
5.4
0
0
0
0
0
0
0.1
0
0
0
0
0
0
0
0
0
0
0
0
0
0
0
0
0
0
0
0
0
0
0
0
0
0
0
0
0
3.4
7.4
11.2
96.3
21.9
52.7
207.3
133.2
55.7
231.7
60
299.7
393.2
83.6
278.8
338.1
90
316.3
94.4
90.2
316.5
209.6
96.4
194.7
310.1
179
121.6
70.5
180.8
127.9
35.1
47.5
17.9
5.8
2.5
1.9
0
0
0
0
0
0
0
0
0
0
0
0
0
0
0
0
0
0
0
0
0
0
0
0
0
0
0
0
0
0
0
0
0
0
0
0
14.3
3.1
11.1
99.4
25.6
107.9
205.5
175.3
92.2
302.2
281.4
211.9
375.5
236.2
379.6
417.8
233.9
411.8
242.9
408.9
251.4
261.5
364.9
263.2
286.3
174
341.2
173.6
142.5
227.9
14.2
55.8
26.8
0.9
6.5
2.1
0
0
0
0
0
0
0
0
0
0
0
0
0
0
0
0
0
0
0
0
0
0
0
0
0
0
0
0
0
0
0
0
0
0
0
0
8.7
1
9
15.4
88.5
85.8
201.1
199.9
61.9
225.3
297.4
98
369
127.7
224.3
405.4
242.8
209.4
192.9
241.5
401.7
121.2
359.7
145.1
282.5
62.4
79.5
36.8
166.3
25.2
17.2
15.4
7.9
2.6
0.5
1
0
0
0
0
0
0
0
0
0
0
0
0
0
0
0
0
0
0
0
0
0
0
0.1
0
0
0
0
0
0.1
0
0
0
0
0
0
0
4.4
3.5
6.9
65.5
83.1
52.6
193.5
174.3
101.6
291.1
275.5
146.3
340
359.9
150
165.4
395.2
365
390.3
289
180.9
347.4
251.2
182
271.1
164.4
103.7
39.3
79.8
154.1
14.4
13
28.2
0.7
1.4
1.1
0
0
0
0
0
0
0
0
0
0
0
0
0
0
0
0
0
0
0
0
0
0
0
0
0
0
0
0
0
0
0
0
0
0
0
0
18.8
7.6
1.1
20.5
29.4
87.4
42.9
34.1
177.5
49.7
287
50.2
64.1
58.4
357.1
109.7
58
388.1
70.9
164.4
390.6
185.4
343.6
77.1
262.3
73.4
184.1
31.8
78.3
141.4
12
21
26.9
0.4
0.8
0.9
0
0
0
0
0
0
0
0
0
0
0
0
0
0
0
0
0
0
0
0
0
0
0
0
0
0
0
0
0
0
0
0.2
0
0
0.2
0
6.1
0.4
2.8
37.4
13.4
40.2
119.9
112
29.1
181
107.3
125.5
154.4
178.9
182.4
259.9
157.1
172.3
59.4
111.1
253.8
189.5
128.3
61.8
127.2
82.4
48.8
39.4
36.9
56.2
30
12.5
18.8
0.7
1.4
0.4
0
0
0
0
0
0
0
0
0
0
0
0
0
0
0
0
0
0
0
0
0
0
0
0
0
0
0
0
0
0
0
0
0
0
0
0
5.1
2.9
2.3
54.4
62.2
45.3
73.8
264.3
118.4
112.3
184.4
329.7
147.1
301.9
317.8
125.9
305.3
291.1
178.4
268
95.7
257.4
97.6
224.3
187.1
69.1
65.2
35
60.7
107.8
8.2
14.7
20.3
0.4
1.1
0.4
0
0
0
0
0
0
0
0
0
0
0
0
0
0
0
0
0
0
0
0
0
0
0
0
0
0
0
0
0
0
0
0
0
0
0
0
1.8
2.8
0.9
23.6
17.1
21.2
27.8
76
46.5
65
92.6
40.2
88
102.9
51.7
133.3
51.4
61.5
140.4
41.6
77.9
50
36
136.9
30
157.2
33.1
44.2
16.8
18.7
6.6
8.2
5.2
0.4
0.4
0.2
0
0
0
0.1
0
0
0
0
0
0
0
0
0
0
0
0
0
0
0
0
0
0
0
0
0
0
0
0
0
0
0
0
0
0
0
0
0.4
2.8
2.1
29.4
12.9
59.4
53
165.5
111.4
260.3
105.4
211.5
331.3
189.8
284
363
365.4
440.5
327.1
360.2
263.2
317.2
193.1
314.2
238.5
149.6
219.2
119.7
63.9
85.2
14.3
27.4
8.5
0
0.3
0.8
0
0
0
0
0
0
0
0
0
0
0
0
0
0
0
0
0
0
0
0
0
0
0
0
0
0
0
0
0
0
0
0
0
0
0
0
1.5
1.3
0.5
52.7
30.5
22.9
59.4
155.4
82.7
117.4
251.4
113.5
194
132.9
321.9
358.1
280.7
147.2
352.9
131.6
168.8
118.2
310.9
150.2
235.3
91.7
84
63.2
65.7
117.8
16.9
9.4
13.1
0.4
0
0.2
0
0
0
0
0
0
0
0
0
0
0
0
0
0
0
0
0
0
0
0
0
0
0
0
0
0.3
0
0
0
0
0
0
0
0
0.4
0
1.3
0.8
4.3
50.6
13
93.3
230.1
40.8
153.7
248.2
232.4
42.1
314.5
45.5
304.8
62.2
450.1
343.6
57.4
403
339.7
64.9
298.4
274.2
210.2
38.4
102.2
59.5
111.1
20.7
13.3
10
5.7
0
0
0.2
0
0
0
0
0
0
0
0
0
0
0
0
0
0
0
0
0
0
0
0
0
0
0
0
0
0
0
0
0
0
0
0
0
0
0
0
1.5
0.7
0.4
38.1
7.8
45.6
130.6
145.3
35.9
216.5
53.1
232.5
377.7
261.3
59.7
406.6
145.6
211.2
426
143.4
54.1
419
67.6
73.7
217.1
53
51.7
90.1
27.6
32
11.9
18.4
9.6
0.1
0.1
0.1
0
0
0
0
0
0
0
0
0
0
0
0
0
0
0
0
0
0
0
0
0
0
0
0
0
0
0
0
0
0
0
0
0
0
0
0
0.3
0.9
1.5
12.3
75
23.5
153
213.5
48.7
227.3
103.4
311
172.4
192.3
398.6
435.3
122.9
108.3
424.5
148.4
163.1
98.2
152.1
299.6
82.4
130.5
137.6
49.8
53.4
36.5
10.5
11
6.9
0
0
0.4
0
0
0
0
0
0
0
0
0
0
0
0
0
0
0
0
0
0
0
0
0
0
0
0
0
0
0
0
0
0
0
0
0
0
0
0
0.8
1.1
0.4
91.8
9.7
24.7
23.6
63.3
256.4
302.6
95.9
111
99.8
155.4
324.4
160.3
130.1
366.5
163.9
155
453.8
120.4
142.1
393.7
252.4
88.4
49.9
33.1
30.2
107.1
6.9
6.8
8.4
0
0.2
0
0
0
0
0
0
0
0
0
0
0
0
0
0
0
0
0
0
0
0
0
0
0
0
0
0
0
0
0
0
0
0
0
0
0
0
0
0.4
0.1
0.9
39.2
10.2
17.4
133.2
47.9
20.2
114
230.5
48.7
49.4
167.2
302.5
154.5
126.7
337.8
83.9
332.7
118.5
146.9
97.7
288.1
88.6
75.5
208.8
44.6
35.3
91.7
4.1
7.9
30.8
0
0.2
0
0
0
0
0
0
0
0
0
0
0
0
0
0
0
0
0
0
0
0
0
0
0
0.1
0
0
0
0
0
0
0
0
0
0
0
0
0
0.4
0.8
0.3
21.3
11.5
33.4
95.7
65.3
125.7
217.9
123.4
216.9
285.5
161.9
202.5
294.8
325.1
115.4
173.7
146.1
319.8
88.4
256.6
205
59.3
155.8
193.6
44.7
56.6
43.8
4.4
6
9.4
0
0
0.2
0
0
0
0
0
0
0
0
0
0
0
0
0
0
0
0
0
0.2
0
0
0.1
0
0
0
0
0
0
0
0
0
0
0
0
0
0
0
0.2
0
0.4
7.6
3.5
13.4
27.9
45.8
23.7
56.4
87.7
36.9
127
102
141.8
154.1
99.8
142.3
129.6
127.6
96.6
93.9
165.5
41.4
58.1
42.6
82.5
65.9
25.8
23.3
6.1
3.2
2.8
0
0
0
0
0
0
0
0
0
0
0
0
0
0
0
0.1
0
0
0.1
0
0
0
0
0
0
0
0
0.1
0
0
0
0
0
0
0
0
0
0
0
0.1
0
0.3
8.1
36.7
17.6
42.4
117.4
81.6
145.9
171.4
126.1
200.5
135.2
216.5
148.7
260.3
280.7
429
402.8
177.7
430.5
338.4
209.9
221.6
132.7
329.5
85.4
44.5
142.8
5.1
5.5
3.8
0
0
0
0
0
0
0
0
0
0
0
0
0
0
0
0
0
0
0
0
0
0
0
0
0
0
0
0
0
0
0
0
0
0
0
0
0
0
0
0.4
0
0
21.2
16.7
4.5
49.9
7.1
110.5
22.9
205
72.3
72.8
32.8
272.3
28.8
305.5
81.2
300.2
43.9
59.3
255.6
101.5
80.3
87.6
178.7
45.7
70.7
69.3
27.7
3
4.9
5
0
0
0
0
0
0.1
0
0
0
0
0
0
0
0
0
0
0
0
0
0
0
0
0
0
0
0
0
0
0
0
0
0
0
0
0
0
0
0
0
0
0.1
0.1
21
7
4.7
12.4
61.9
105.4
22.2
196.9
51.3
266.9
32.7
111.6
83
301.1
42.8
102.6
295.2
53.8
94.7
65.5
252.3
174.9
64.9
41.1
66
30.5
17.8
4.9
3.1
1.6
0
0
0
0
0
0
0
0
0
0
0
0.1
0
0
0
0
0
0
0
0
0
0
0
0
0
0
0
0
0.1
0
0
0
0
0
0
0.1
0
0.1
0.1
0
0
0.2
5.7
18.4
9.2
99.5
24.2
36.5
189.2
118.4
35.7
257.5
127
50.6
47.9
94
294.2
275
50.8
64.2
195.6
73.7
48.5
64.2
29
96
16.2
11.1
33.6
3.4
1.4
1.4
0
0
0
0
0
0
0
0
0.1
0
0
0
0
0
0
0
0
0
0
0
0
0
0
0
0
0
0
0
0
0
0
0
0
0
0
0
0
0
0
0.2
0
0
8
7.6
7
48.4
30.3
26.9
77.2
68
77.4
161.7
72.2
86.9
295.4
107.8
57.8
215.2
115.5
63.4
173.3
46.3
158.2
82.4
59.9
148.3
35.3
43.3
28.8
2.5
4
1.8
0
0
0
0
0
0
0
0
0
0
0
0
0
0
0
0
0
0.1
0
0
0
0
0
0
0
0
0
0
0
0
0
0
0
0
0
0
0
0.1
0
0
0
0.1
2
5.8
14.2
15.6
57.4
86.8
54.6
103.1
170.9
233.6
144.2
67.8
255.5
177.9
153
157.3
254
184.8
145
213.5
187.1
68.1
141.5
117.8
43.5
49.6
25.3
0.6
4.1
3
0
0
0
0
0
0.1
0
0
0
0
0
0
0
0
0
0
0
0
0
0
0
0
0
0
0
0
0
0
0
0
0
0.1
0
0
0
0
0.1
0
0
0
0
0
8.3
2.8
14.1
32.5
41.1
19.1
70.9
35.6
64
62.7
94.3
98
114.2
84
128.4
90.8
110.4
103.1
74.5
79.3
80.4
36.2
53.4
64.6
28.5
12.5
27.7
1.7
1
3.5
0
0
0
0
0
0
0
0
0
0
0
0
0
0
0
0
0
0
0
0
0
0.4
0
0
0.3
0
0
0
0
0.2
0
0
0
0.1
0
0
0
0
0.1
0
0
0
2.8
1.4
2.2
10.7
9.9
13.6
27
25.9
30
58.6
34.3
48.9
36
86.4
66.7
64.8
35.4
80.9
57.2
26.3
47.9
35.3
26.1
16.9
9.2
16.5
8.3
0.6
1.5
0.4
0
0
0
0
0
0
0
0
0
0
0
0
0
0
0
0
0
0
0
0
0
0
0
0
0
0
0
0
0
0.1
0
0
0
0
0
0
0
0
0
0
0.3
0
7.6
2
2
17.5
15.4
70.9
34.7
128.8
50
56.7
183.2
79.8
59
240.1
97.3
85.6
258.5
68.9
62.6
65.9
229.6
33.3
158.2
52.8
61.4
13.4
6.7
3
1
0.5
0
0.1
0
0
0
0
0.1
0
0
0
0
0
0
0
0
0
0
0
0
0
0
0
0
0
0
0
0
0
0
0
0
0
0
0
0
0
0
0
0
0
0
0.1
3.4
7
3
33.2
24
57.6
75.8
143.7
46.7
196.4
71.5
210.4
263.1
250.7
72.9
247.2
66.6
252.2
216.2
216.1
52.6
134.9
35.7
147.3
38.7
48.9
11.8
0.8
0.4
0.9
0
0
0
0
0
0
0
0
0
0
0
0
0
0
0
0
0
0.1
0
0
0
0
0
0
0
0
0
0
0
0
0
0
0
0
0
0.1
0
0.1
0
0
0
0.1
2.4
1.9
7.1
13.4
55.4
64.7
145.2
147
30
215.7
210.1
39.7
257.8
242.8
48.2
55.5
236.1
248.2
49.8
221.5
194.7
149.8
23
121.5
31.9
9.7
50.4
0
0.4
1
0
0
0
0
0
0
0
0
0
0
0
0
0
0
0
0
0
0
0
0
0
0
0
0
0
0
0
0
0
0
0
0
0
0.1
0
0
0
0
0.1
0
0
0
2
2.1
3.7
10.6
38
61.5
139.4
114.8
31.5
42.2
201.7
159.3
271.1
196.1
31.4
188.9
88.9
165.1
124
158.6
140.8
76.1
82.4
108.9
9.2
17.2
38.4
0.3
1
1.8
0
0
0
0
0
0
0
0
0
0
0
0
0
0
0
0
0
0
0
0
0.1
0
0
0
0
0
0
0
0
0
0
0
0
0
0
0
0
0
0
0
0
0
4.9
2.4
1.9
20.9
25.1
24.7
66.3
54.9
82.1
82
80.2
117
54.6
139.4
105.6
50.5
143
191.7
90.1
156.3
83.9
131.1
57.4
119.9
45
18
31
1.2
0.4
0.2
0
0
0
0
0
0
0
0
0
0
0
0
0
0
0
0
0
0
0
0
0
0
0
0
0
0
0
0
0
0
0
0
0
0
0
0
0
0
0
1.2
0
0
6.3
38.7
3.7
62.3
123.3
39.6
191.1
132.5
77.6
110.6
197.5
229
260.9
230.3
120
282.5
197.3
112.7
209.9
130.9
75.6
52.1
42.2
87.9
16
10
0.6
0.4
0
0.1
0
0
0
0
0
0
0
0
0
0
0
0
0
0
0
0
0
0.1
0
0
0
0
0
0
0
0
0
0
0
0
0
0
0
0
0
0
0
0
0
1.4
0.6
0
5.8
39.5
16.1
29.9
54.4
121.7
105.9
87.7
188.8
161.6
228.4
114.3
214.7
226.3
118.6
240.3
70
188.2
223
56.5
120.6
168.5
37.6
13.4
47.9
0.5
0.4
0
0
0
0
0
0
0
0
0
0
0
0.1
0
0
0
0
0
0
0
0
0.1
0
0
0
0
0
0
0
0
0
0
0
0
0
0
0
0
0
0
0
0
0
1
1.4
2.9
9.7
37.1
67.1
43.1
151.3
113.5
39.9
174.2
212.6
172.5
240.8
48
182.4
231.7
44
152.5
185.1
28.7
19
108.5
92.8
5.7
28.4
23.2
0.5
0.2
0
0
0
0
0
0.1
0
0
0
0
0
0
0
0
0
0.1
0
0
0
0
0
0
0
0
0
0
0
0
0
0
0.1
0.1
0
0
0
0
0
0
0
0
0.3
0
0
1.6
0.6
0.6
10.6
6.4
45.4
39
16.1
124.3
27.9
183.2
58.4
220.8
61.6
36.8
36
210.7
52.1
172.2
43.8
32
31.8
17.5
82.3
13.2
12.1
6.8
0.5
0
0
0
0
0
0.1
0
0
0
0
0
0
0
0
0
0
0
0
0
0
0
0
0
0
0
0
0
0
0
0
0
0
0
0
0
0
0
0.1
0
0
0
0.1
0
0
0.8
0.7
2.3
23.3
8.7
37
117
21.7
56.3
179.8
24
101.7
30.3
128.6
209.3
34.3
135.6
199.5
155.4
89.2
31.3
74.8
23.5
56.9
3.7
10.5
14.6
0.8
0
0
0
0
0
0
0
0.2
0
0
0
0.1
0
0
0
0
0
0
0
0
0
0
0.1
0
0
0
0
0
0
0
0
0
0
0
0
0
0
0
0
0
0
0
0
0
0.9
0.4
0.7
19.1
10.3
17.4
40.8
37.8
76.1
40.2
160.5
146.9
207.2
59.3
179.3
147.5
52.6
138.5
24
165
150.3
17.5
107.8
47.1
2.2
21.7
6.9
0.2
0.7
0
0
0
0
0
0
0
0
0
0
0
0
0
0
0
0
0
0
0
0
0
0
0
0
0
0
0
0
0
0
0
0
0
0
0
0
0
0
0
0
0
0
0
0.3
1.4
0
35.4
17.4
2.5
14
55.3
108.3
37.5
168.5
87.6
23.6
256.6
86.9
19.6
71.2
214.2
10
51.1
159.3
8.3
88.5
21.3
1.9
12
5.5
0
0.2
0
0
0
0
0
0
0
0
0
0
0.1
0
0
0
0
0.1
0
0
0
0
0.1
0
0
0
0
0
0
0
0
0
0
0.1
0
0
0
0
0
0
0
0
0
0
0
0.2
0.3
0.8
6.2
5.6
32.4
16.2
22
107.1
28.4
170.1
44.6
75.9
54.4
200.3
52.6
195.8
75.5
34.9
157.1
45.9
32.7
82.1
9.9
2
8.9
12.6
0.1
0.2
0
0
0
0
0
0
0
0
0
0
0
0
0
0
0
0
0
0
0
0
0
0
0.1
0
0
0
0
0
0
0
0
0
0
0
0.1
0
0
0
0
0
0
0
0
0.3
0.7
0.2
11.5
7.4
3.9
28.1
13.6
74.8
40.9
25.5
160
34.1
191
35.7
188.5
33.5
21.8
19.4
133.6
31.7
73.5
17.8
11.3
5.5
2
12.2
0
0.1
0
0
0
0
0
0
0
0
0
0
0
0
0
0
0
0
0
0
0
0
0
0
0.1
0
0
0
0
0.1
0.1
0
0
0.1
0
0
0
0
0
0
0
0
0
0
0
0.2
0.6
0.3
3.3
9.8
25.9
114.5
14.6
94.2
154.9
20
167.6
184.7
18.8
163
15.7
206.2
181.6
15.4
218.2
141.7
73.4
80.2
10.1
9.6
1.4
12.2
0
0
0
0
0
0
0
0
0
0
0
0
0
0
0
0
0
0
0
0
0
0
0
0
0
0
0
0
0
0
0
0
0
0
0
0
0
0
0
0
0
0
0
0
0
0
0.1
0.3
23.3
8.6
3.9
65.6
9.6
91.1
23.4
215.4
151.9
27.4
215.2
183.5
194.5
25.4
180
141.2
19.5
159.9
13
87.8
73.6
1.5
14
7.5
0.1
0
0
0
0
0
0.1
0
0
0.2
0
0
0
0
0.1
0
0
0
0
0
0
0
0
0
0
0
0
0
0
0
0
0
0
0
0.1
0
0
0
0
0
0
0
0
0
0
0
0
0.3
3.1
10.8
20.6
70.2
37.8
84
132.8
142
57
169.7
155.5
66
65.4
164.6
140.1
122.3
56
122.5
31.3
58.8
32.9
6
5.3
2.1
0
0
0
0
0
0
0
0
0
0
0
0
0
0
0
0
0
0
0
0
0
0
0
0
0
0
0
0
0
0
0.1
0
0
0
0
0
0
0
0
0
0
0
0.1
0
0
0.2
0.1
0.1
5.2
7.2
14.5
19.7
47.7
19
45.7
33.8
72.7
85.9
87.7
45.3
110.1
43.4
88.4
111.9
83.4
31.5
59
49.3
35.7
7.5
6.5
6.4
0.1
0
0
0
0
0
0
0
0
0
0
0
0
0
0
0
0
0
0
0
0
0
0
0
0
0
0
0
0
0
0
0
0
0
0
0
0
0
0
0
0
0
0
0
0.3
0.1
1.1
0.1
8.1
18.1
7.2
39
31.6
79.3
45.9
107.6
56.4
165
53.7
58.8
164.5
55.9
65.2
42.3
33.8
125.5
16.1
61.2
16.9
4.6
3.5
2.8
0
0
0.1
0
0
0
0
0
0
0
0
0
0
0
0
0
0
0
0
0
0
0
0
0
0
0
0
0
0
0
0
0
0
0
0
0
0
0
0
0
0
0
0
0
0
0
0.1
0.1
3.1
16.2
6.3
14.5
75.9
16.5
133.1
45.5
38.2
46.1
163.5
52.8
100.5
78.8
159.6
120.6
46.1
73.9
56.1
26.5
42.5
3.4
2.6
4.8
0
0
0
0
0
0
0
0
0
0
0
0
0
0
0
0
0
0
0
0
0
0
0
0
0
0
0
0
0.2
0
0
0
0
0
0
0
0
0
0
0
0
0
0.1
0
0
0.1
0
0.2
4.7
4.1
4
27.7
16.5
19.4
32.7
48.2
31.4
66.7
33.6
36.8
70
67
35.6
23.8
49.6
50.5
13.2
25.5
21.9
3.5
1.3
2.2
0
0
0
0
0
0
0
0
0
0
0
0
0
0
0
0
0
0
0
0
0
0
0
0
0
0
0
0
0
0
0
0
0
0.1
0
0
0
0.2
0
0
0.1
0
0
0
0
0
0
0
8.3
3
4
48.7
15.7
17.5
102.8
17.2
106.8
90.5
19
162.1
86.5
27.3
75.8
89.5
21.5
76.2
6.8
78.5
47
0.8
3.8
1.7
0
0
0
0
0
0
0.1
0
0
0.1
0
0
0
0
0
0
0
0
0
0
0
0
0
0
0
0
0
0
0
0
0
0
0
0
0
0
0
0.1
0
0
0.2
0
0
0
0
0
0
0
2.8
4.1
16.1
52.4
17.6
38.2
51.6
105.6
31.1
82
45.5
122.1
70.5
97
72.2
54.5
69.4
75
31.4
24.4
27.6
1.4
2
2.7
0
0
0
0
0
0
0
0
0
0
0
0
0
0
0
0
0
0
0
0
0
0
0
0
0
0
0
0
0
0
0
0
0
0
0
0
0
0
0
0
0
0
0
0
0
0
0
0
2.2
4
10
26.2
62.5
38
121.3
54
116.6
81.1
119.1
189
94.7
197.7
109.6
43.5
166.3
85
100.6
48.2
22.4
3.4
1.8
9.9
0
0
0
0
0
0
0
0
0
0
0
0
0
0
0
0
0
0
0
0
0
0
0
0
0
0
0
0
0
0
0
0
0
0
0
0
0
0
0
0
0
0
0
0
0
0
0
0
2.5
4.1
12
23.7
43.6
77.5
42.7
111.6
138.9
141.1
187.1
97.1
201.1
135.8
126
72.1
172.5
85.9
46.3
96.6
47.4
2.3
1.2
4.3
0
0
0
0
0
0
0
0
0
0
0
0
0
0
0
0
0
0
0
0
0
0
0
0
0
0
0
0
0
0
0
0
0
0
0
0
0
0
0
0
0
0
0
0
0
0
0
0
5.7
1.7
6.7
54.6
54.5
18.8
110.3
107.3
30.5
40.9
140.5
136.2
137.5
43.3
131.4
101.2
33.8
95.8
38.8
41.2
13.1
1.4
1.9
2.3
0
0
0
0
0
0
0
0
0
0
0
0
0
0
0
0
0
0
0
0
0
0
0
0
0.1
0
0
0
0
0
0
0
0
0
0
0
0
0
0
0
0
0
0
0
0
0
0
0
6.2
1.3
4.2
49.3
27.7
11.9
101.1
50.4
21.3
126
66.5
30.2
125.2
48.6
26.7
91.9
42.1
20.2
36.4
16.6
10.1
2.3
1.8
1.1
0
0
0
0
0
0
0
0
0
0
0
0.1
0
0
0
0
0
0
0
0
0
0
0
0
0
0
0
0
0
0
0
0
0
0
0
0
0
0
0
0
0
0
0.1
0
0
0
0
0.1
2.7
1.2
4.4
17.4
8.2
46.9
53.5
35.4
25.4
40.1
84.4
39.6
50.8
64.9
95.4
31.9
50.7
90.6
13.9
11.1
15.7
1
1.1
2.8
0
0
0
0
0
0
0
0
0
0
0
0
0
0
0
0
0
0
0
0
0
0
0
0
0
0
0
0
0
0
0
0
0
0
0
0
0
0
0
0
0
0
0
0
0
0
0
0
6.6
1.2
16.4
8.3
77.6
38.9
104.8
68.2
24.3
60
97.8
79.8
112
72.1
40.9
49.1
27.1
32.7
11.5
9.4
10
1.4
1
1
0
0
0
0
0
0
0
0
0
0
0
0
0
0
0
0
0
0
0
0
0
0
0
0
0
0
0
0
0
0
0
0
0
0
0
0
0
0
0
0
0
0
0
0
0
0.1
0
0
4
3.2
1.3
16
43.9
90.2
31.7
45.9
152.7
47.9
87.8
162.3
49.9
121.1
45.8
48.9
53.7
19.9
11.1
14.1
6.9
0.9
0.2
1.5
0
0
0
0
0
0
0
0
0
0
0
0
0
0
0
0
0
0
0
0
0
0
0
0
0
0
0
0
0
0
0
0
0
0
0
0
0
0
0
0
0
0
0
0
0
0
0
0
2
1.9
0.7
12.8
23.8
30
74.2
94.7
85.6
65.2
126.7
115.9
121.3
41.7
122.5
19.8
101.5
90.5
6.8
57.1
32.5
1.4
0.6
1.6
0
0
0
0
0
0
0
0
0
0
0
0
0
0
0
0
0
0
0
0.2
0
0
0
0
0
0
0.1
0
0
0
0
0.1
0
0
0
0
0
0
0
0
0
0
0
0
0
0
0
0
0.8
2
1.5
15.2
27.6
14.6
85.6
38
47.7
76.8
108.8
54.5
44.6
54.3
83.2
40.8
38.7
28.5
9.9
17.3
10.1
0.7
0.7
0.5
0
0
0
0.1
0
0
0
0.2
0
0.2
0
0
0
0
0
0
0
0
0
0
0
0
0
0
0
0
0
0
0
0
0
0
0
0
0
0
0
0.1
0
0
0
0
0
0
0
0.1
0
0
1.3
2.8
2.5
20.4
21.3
30.8
45.4
46.5
65
61.5
41.3
91.6
46.7
39.9
106.6
27.4
13.1
78.6
8.7
5
41.3
0.6
1.1
0.2
0
0.1
0
0
0
0
0
0
0.1
0
0.1
0
0
0.2
0
0
0.2
0
0
0
0
0
0
0.2
0
0
0
0
0
0
0
0
0
0
0
0
0
0
0.1
0
0
0
0
0
0.4
0
0
0
0.7
0.6
1.9
7.9
28.5
8.4
14.3
25.2
66.4
30.7
75.4
28.3
103
41.5
27.2
24.8
96.4
19.1
12.3
5
10.4
0.3
0.8
1.1
0.1
0
0
0
0
0
0
0.1
0
0
0
0
0
0
0
0
0
0
0
0
0
0.1
0.1
0
0
0
0
0
0
0
0
0
0
0
0
0
0
0
0
0
0
0
0
0
0
0
0
0
0.9
0.7
1.4
8.1
9.8
22.5
24.1
18.2
56
54.2
26.1
30.8
100
23.2
26.9
69
21.2
21.9
5.2
9.7
25.5
0.7
0.5
1.5
0
0
0
0
0.1
0
0
0.2
0
0
0
0
0.4
0
0
0.1
0
0.1
0.1
0
0
0
0
0
0
0
0
0
0
0
0
0.2
0
0.2
0
0
0
0
0
0.1
0.1
0
0.1
0
0
0
0
0
0.8
0.6
2.3
16.4
49.8
7.5
118.2
23.4
31.8
32.2
38.2
182.1
49.7
217.6
58.5
29.7
157.2
47.1
13.5
11.5
55.9
0.7
1.5
0.1
0
0
0
0
0
0
0
0
0.1
0
0
0
0
0
0
0.2
0
0
0
0
0.2
0
0
0
0
0
0
0
0
0
0
0
0
0
0
0
0
0
0
0
0
0
0
0
0
0
0
0
0.7
1.4
0.9
7.1
16.3
18.1
19
62.9
25.3
28.7
65.3
55.6
30.2
47.3
45
19.8
32.6
49
7.7
16.5
13.3
0.4
0.6
1.1
0
0
0
0
0
0
0
0
0
0
0
0
0
0
0
0
0
0
0
0
0
0
0
0
0
0
0
0
0
0
0
0
0
0
0
0
0
0
0
0
0
0.1
0
0
0
0
0
0
0.5
0.8
0.5
5.3
14.2
7.3
66.7
33
17.2
95.9
33.2
81.7
119.5
33.6
75.7
56
60.4
18.1
13.2
24.3
12.9
0.8
0.5
0.5
0
0.2
0
0
0
0.1
0
0
0
0
0.1
0
0
0
0
0
0
0
0
0
0
0
0
0.1
0
0
0
0
0
0
0
0
0
0
0
0
0
0
0
0
0
0
0
0
0
0
0
0
0.5
0.8
0.2
5.6
3
6.9
10.3
16.9
14.4
18.6
18.1
26.1
18.4
30.2
19.3
23.4
15.2
15.2
6.7
6.2
8
0.4
0.5
0.7
0.2
0
0
0.1
0
0
0
0
0
0
0
0
0
0
0
0
0
0
0
0
0
0.1
0
0
0.1
0
0
0.1
0
0
0
0
0
0
0
0
0.1
0
0
0.1
0
0
0.1
0
0
0
0
0
0.4
0.4
1.2
12.1
6.4
8.4
65.1
20.2
37.8
25.6
105.9
47.3
40.6
132.8
26.8
20.8
116.8
16.4
22.6
42.3
6.2
0.4
0.3
1.6
0
0
0
0
0
0.1
0
0
0
0
0
0.1
0.1
0
0
0
0
0
0
0
0
0
0
0
0
0
0
0
0
0
0
0
0
0
0
0
0
0
0
0
0
0
0.1
0
0
0
0
0
0.7
0.3
0.3
6.1
19.1
22.7
62.2
83.6
19.5
116
39.1
92.3
26.4
78.6
125
16.5
95.6
46.1
5.8
23.6
10.1
0.6
0.4
0.2
0
0
0
0
0
0
0
0
0.2
0
0
0
0.1
0
0
0
0
0.1
0
0
0.1
0
0
0
0
0
0
0
0
0
0
0
0.1
0
0
0.1
0
0
0
0
0
0
0
0
0
0
0
0
0.4
0.5
0.4
8.9
27.6
5.1
18.1
79.3
14.6
19.2
47.6
106.7
16.6
27.6
100.4
11.7
65.5
28
3.7
18.5
11
0.2
0.2
0.7
0
0
0
0
0
0.1
0
0
0
0
0
0
0
0
0.1
0
0
0.1
0.1
0
0
0
0
0
0
0
0
0
0
0
0
0
0
0
0
0
0
0
0
0
0
0
0
0
0
0
0
0
0
0.6
0.4
5.7
18.5
4.1
16.7
61.5
13.5
95.4
26.9
30.9
97
86.5
41.4
66.8
65.6
19.8
5.2
19
8.6
0.4
0.2
0.1
0
0
0
0
0
0
0
0
0
0
0.1
0.2
0
0
0.1
0.1
0
0
0
0.1
0
0
0
0
0
0
0
0
0
0
0.2
0
0
0
0
0.1
0
0
0
0
0
0
0
0
0
0
0
0
0.2
0
0.2
5.2
16.3
4.6
15.1
15.9
61.1
31
92.8
15.9
11.7
93.6
93.2
48.8
64.9
6.1
17.2
2.7
23.9
0.5
0
0.2
0
0
0
0
0
0
0
0
0
0
0
0
0
0.1
0
0.1
0
0
0
0
0
0
0
0
0
0
0
0
0
0
0
0
0
0
0
0
0
0
0
0
0
0
0.1
0
0
0.4
0
0
0.2
0.1
0.5
17.9
11
6.7
16.6
40.4
63.3
22.6
94
63
88.3
19.7
73.2
64.3
12.9
45.5
22.1
8.7
15
0.1
0.5
0.2
0
0
0
0
0
0
0.3
0
0
0
0
0.3
0
0
0.4
0
0.1
0.4
0.1
0
0
0
0.2
0
0
0
0.2
0
0
0.3
0.3
0
0
0.1
0
0.1
0.7
0.2
0
0
0
0
0
0.1
0
0
0
0
0.8
0.6
0
6.6
2.1
42
20
9
122.8
16.2
126.5
29.9
107.8
26.3
15.1
20.9
9
64.7
6.3
6.1
3.9
0.4
0
0.4
0.2
0
0
0
0.5
0
0
0
0
0
0
0.1
0
0
0
0.1
0
0
0
0
0
0
0
0
0
0
0
0
0
0
0
0.1
0
0
0
0
0
0
0
0
0.1
0
0
0.3
0
0.1
0
0
0.4
0.4
0
4.2
1.8
15.4
8.6
45.6
18
31.5
13
77.6
16.9
51.1
17.1
10.3
15.2
32.4
6
7.9
3.3
0.2
0.5
0.3
0
0
0
0
0
0
0
0
0
0.1
0
0
0.1
0
0
0
0
0
0
0
0
0
0
0
0.1
0.1
0
0.2
0
0
0
0.1
0
0
0
0
0
0
0
0.1
0
0
0
0.2
0
0.2
0
0
0.4
0.2
0.1
6.2
2.6
7.6
19.5
9.1
27.7
22.1
42.6
23.9
21.9
39
26
25.2
22.8
27.8
7
9
15.1
0.4
0.9
0.2
0
0.1
0
0
0
0
0
0
0
0
0
0
0
0
0
0
0
0
0.1
0
0
0
0
0
0
0
0
0
0
0
0
0
0
0
0.1
0
0
0
0.6
0
0
0
0
0
0
0
0
0
0.3
0
0
4.2
5.5
7.9
14.8
73.7
20.2
22.3
90
41.4
34.1
34.5
34
33.6
22.8
43.3
8.1
9.6
12.7
0.3
0.8
0.3
0
0
0.1
0.4
0
0
0
0
0.1
0
0
0
0
0
0
0.1
0
0
0
0
0
0
0.1
0
0
0
0
0
0
0
0
0
0
0
0
0
0
0
0
0
0
0
0
0
0
0
0
0
0.4
0.5
0
12
6.9
4
24.4
28.6
52.1
35.8
37.6
119.1
129.9
51.4
63.4
78.7
37.3
19
8.9
35.3
7.5
0.5
0.1
0.4
0
0
0
0
0
0.1
0
0
0
0
0
0
0
0
0
0
0
0.1
0.2
0
0
0.1
0
0
0
0
0
0.1
0
0
0.1
0
0
0.2
0
0
0
0
0
0
0
0.2
0.1
0
0
0
0
0
0.3
0.3
0.1
3.2
7.7
5.8
20.5
23.8
15.9
37.8
25
64.9
44.8
35.3
46
19.5
34.2
21.9
5.8
6.3
10
1.1
0.6
0.3
0
0
0
0
0
0
0
0
0
0
0
0
0
0.1
0
0
0
0
0
0.1
0
0
0
0
0
0
0
0
0
0
0
0
0
0
0
0
0
0
0
0
0
0
0
0
0
0
0
0
0
0.2
0
3.7
13.6
8.5
71.8
32.4
21
49.8
108.8
27.6
107.1
50.8
30.1
75.5
88.7
25.2
24.8
12.2
46.3
0.5
0
0.3
0
0
0
0
0
0
0
0
0
0
0
0
0
0
0.1
0
0
0.1
0
0.2
0
0
0.2
0
0
0
0
0
0
0
0
0
0.1
0
0
0.2
0
0
0
0
0
0.1
0
0
0
0
0
0
0.7
0.2
0.1
12.2
24.4
3.2
105.7
44.9
12.1
106.8
63.1
18.8
57.4
136.6
22.1
17.9
136.4
41.5
26
10.1
5.3
0.3
0.6
0.6
0
0
0
0
0
0
0
0
0
0
0
0
0
0
0
0
0
0
0
0
0
0
0
0
0
0
0
0
0
0
0
0
0
0
0
0
0
0
0
0
0
0
0
0
0
0
0
0
0.2
0.6
0.2
32.7
5
6.8
27.4
20.3
99.9
83.9
92.9
27.5
82.5
35.2
31.3
33.5
33.3
79.1
10.7
41.4
10.4
0.4
1.2
0.6
0
0
0
0
0
0
0
0
0
0
0
0
0
0
0
0
0
0
0.1
0
0
0
0
0
0
0
0
0
0
0
0
0
0
0
0
0
0
0
0
0
0
0
0
0
0
0
0
0
0
0.2
0.5
13.7
15.4
6.7
58.7
60.1
21
90.8
36.5
90.3
92.4
34.1
94.1
45.8
23.7
46.6
7.8
12
12.6
0
0.4
0.8
0
0
0
0
0
0
0
0
0
0
0
0
0
0
0
0
0
0
0
0
0
0
0
0
0
0
0.1
0
0
0
0
0
0
0
0
0
0
0
0
0
0
0
0
0
0
0
0
0
0
0.3
0.4
6.2
8
7.7
49.4
22.5
16.4
27
32.2
44.1
30.2
61.2
37.2
17.5
38
34.7
15.4
10.6
6.3
0.5
0.7
1.9
0
0
0
0
0
0
0
0
0
0
0
0
0
0
0
0
0
0
0
0
0
0
0
0
0
0
0
0
0
0
0
0
0
0
0
0
0
0
0
0
0
0
0
0
0
0
0
0
0.1
0.4
0.3
4
10.7
8.6
21.2
107.9
40.6
148.2
66.7
38
45.1
108.7
44.2
56.2
32.3
26.1
13.7
13
11.7
0.7
1.1
0.7
0
0
0
0
0
0
0
0
0
0
0
0
0
0
0
0
0
0
0
0
0
0
0
0
0
0
0
0
0
0
0
0
0
0
0
0
0
0
0
0
0
0
0
0
0
0
0
0
0.3
0.3
0.1
40.6
6.3
4
128.8
24.2
17.5
38.9
165.8
27.9
43.6
155.2
30.7
111.6
22.8
24.4
8.9
9.4
46
0.7
0.6
1.2
0
0
0
0
0
0
0
0
0
0
0
0
0
0
0
0
0
0
0
0
0
0
0
0
0
0
0
0
0
0
0
0
0
0
0
0
0
0
0
0
0
0
0.1
0
0
0
0
0
0.3
0.2
0.1
8.9
8.2
3.5
21.3
17.7
51.9
73.4
31.3
39.9
64.7
69.5
29.2
67.5
68.3
23
17.4
10.4
11
1.1
0.1
1.1
0
0
0
0
0
0
0
0
0
0
0
0
0
0
0
0
0
0
0.1
0
0
0
0
0
0
0
0
0
0
0
0
0
0
0
0
0
0
0
0
0
0
0
0
0
0
0
0
0
0.4
0
0.4
8.3
17
32.8
135.3
61.5
35.8
182.1
82.7
39.8
65.7
37
187.3
24.4
30.2
159.3
68
10.6
5.4
1.2
0.4
1.3
0
0
0
0
0
0
0
0
0
0
0
0
0
0
0
0
0
0
0
0
0
0
0
0
0
0
0
0
0
0
0
0
0
0
0
0
0
0
0.1
0
0.1
0
0
0
0
0
0.3
0
0.1
0
0.2
4.7
10.1
4.8
31.6
19.4
22.6
23.9
37.5
32.3
34.3
55.3
20
33.8
21.4
29
12.8
6.7
14.6
0.6
1
1
0
0
0
0
0
0
0
0
0
0
0
0
0
0
0
0
0
0
0
0
0.1
0.2
0
0
0
0
0
0
0.1
0
0
0.1
0
0
0.1
0
0
0
0
0
0
0
0
0.1
0
0
0
0
0.4
0.3
0.1
1.7
10.9
6.2
8.2
32
24.9
15
38.5
54.4
47.7
48.2
18.7
38.9
14.9
19.8
6.5
13.9
8.8
0.6
0.7
1.2
0
0
0
0
0
0
0
0
0
0
0
0
0
0
0
0
0
0
0
0
0
0
0
0
0
0
0
0
0
0
0
0
0
0
0
0
0
0
0
0
0
0
0
0
0
0
0.1
0
0.2
0.2
0.4
4.4
4.2
12
14.9
16.4
31.3
27
21
50.5
29.7
23.2
46.6
23.2
24
46.2
19.8
11.8
5.6
0.8
0.9
0.3
0
0
0
0
0
0
0
0
0
0
0
0.1
0
0
0
0
0
0
0
0
0
