0.23
0.32
0.56
0.64
0.6
0.74
0.72
0.84
0.89
1.01
0.89
0.81
0.96
0.97
1.02
1.11
1.2
1.31
1.14
1.03
1.08
1.03
1
0.95
0.84
0.76
0.68
0.53
0.48
0.29
0.22
0.14
0.14
0.09
0.16
0.45
0.58
0.58
0.6
0.63
0.63
0.65
0.54
0.48
0.85
0.75
0.61
0.6
0.67
0.5
0.47
1.02
0.73
0.92
0.72
0.73
0.9
0.72
1.03
1.01
0.85
0.91
1.26
0.71
0.32
0.32
0.46
0.52
0.66
0.83
1.05
0.58
0.32
0.22
0.35
0.31
0.42
0.32
0.35
0.34
0.36
0.33
0.42
0.53
0.37
0.26
0.45
0.53
0.47
0.5
0.55
0.48
0.42
0.42
0.35
0.27
0.37
0.39
0.35
0.22
0.17
0.26
0.29
0.21
0.24
0.2
0.15
0.001
0.001
0.01
0.09
0.3
0.05
0.06
0.14
0.12
0.05
0.08
0.11
0.08
0.09
0.14
0.19
0.25
0.3
0.3
0.3
0.29
0.28
0.24
0.18
0.12
0.04
0.06
0.07
0.12
0.06
0.08
0.11
0.29
0.34
0.32
0.35
0.31
0.35
0.48
0.54
0.5
0.56
0.45
0.6
0.7
0.68
0.73
0.78
0.61
0.42
0.3
0.23
0.07
0.01
0.07
0.01
0.04
0.16
0.12
0.08
0.18
0.19
0.2
0.26
0.25
0.19
0.3
0.28
0.22
0.2
0.16
0.16
0.29
0.32
0.24
0.11
0.27
0.18
0.09
0.07
0.13
0.11
0.08
0.2
0.12
0.17
0.18
0.08
0.24
0.15
0.12
0.31
0.23
0.23
0.3
0.19
0.05
0.11
0.07
0.12
0.13
0.1
0.1
0.12
0.19
0.22
0.15
0.11
0.1
0.05
0.13
0.19
0.35
0.35
0.46
0.53
0.53
0.47
0.73
0.67
0.81
0.86
0.99
1.12
1.21
1.39
1.39
1.38
1.24
1.31
1.28
1.42
1.43
1.57
1.6
1.53
1.45
1.73
2
1.89
1.71
1.69
1.62
1.53
1.64
1.81
1.66
1.71
1.53
1.51
1.52
1.48
1.48
1.54
1.55
1.6
1.57
1.56
1.71
1.85
1.78
1.53
1.31
1.11
1.26
1.18
1.06
1.19
1.05
0.9
0.97
1.14
1.08
0.99
1.01
0.94
0.77
0.39
0.09
0.09
0.17
0.35
0.65
0.63
0.52
0.45
0.4
0.57
0.6
0.6
0.48
0.38
0.24
0.22
0.13
0.04
0.04
0.1
0.08
0.05
0.04
0.04
0.06
0.07
0.04
0.05
0.08
0.02
0.09
0.12
0.11
0.16
0.23
0.22
0.3
0.47
0.55
0.48
0.56
0.81
0.71
0.53
0.6
0.43
0.43
0.44
0.39
0.38
0.22
0.21
0.26
0.3
0.29
0.36
0.34
0.33
0.29
0.2
0.18
0.17
0.14
0.01
0.02
0.04
0.05
0.05
0.02
0.07
0.11
0.08
0.001
0.06
0.13
0.03
0.04
0.14
0.1
0.19
0.32
0.4
0.4
0.53
0.22
0.2
0.38
0.26
0.67
1.02
0.88
0.97
1.09
0.83
0.55
0.93
1.27
1.36
1.51
1.79
1.63
1.48
1.26
0.95
0.87
0.53
0.4
0.55
0.28
0.21
0.13
0.32
0.63
0.43
0.3
0.47
0.53
0.57
0.53
0.64
0.65
0.75
0.91
0.97
1.13
1.02
1.17
1.22
1.23
1.31
1.49
1.79
1.56
1.56
1.46
1.43
1.49
1.67
1.57
1.66
1.82
1.68
1.63
1.91
1.63
1.78
1.9
1.74
1.58
1.58
1.49
1.43
1.41
1.32
1.38
1.43
1.39
1.54
1.99
2.07
1.46
1.05
1.09
1.11
1.03
0.9
1.02
0.94
0.87
0.57
0.48
0.29
0.29
0.26
0.19
0.16
0.18
0.2
0.11
0.12
0.08
0.03
0.02
0.08
0.16
0.4
0.42
0.06
0.02
0.08
0.06
0.06
0.07
0.02
0.17
0.14
0.06
0.05
0.24
0.42
0.5
0.55
0.59
0.66
0.78
0.71
0.75
0.81
0.98
0.99
0.77
0.52
0.34
0.35
0.71
0.65
0.8
0.86
0.82
0.77
0.73
0.84
0.9
1.15
1.08
1.23
1.18
1.28
1.14
1.02
0.98
0.85
0.69
0.58
0.6
0.36
0.33
0.26
0.12
0.14
0.14
0.13
0.16
0.13
0.11
0.06
0.19
0.47
0.29
0.22
0.1
0.18
0.36
0.41
0.26
0.25
0.29
0.29
0.35
0.24
0.05
0.03
0.04
0.03
0.05
0.12
0.09
0.02
0.07
0.08
0.15
0.08
0.19
0.51
0.57
0.67
0.85
0.45
0.85
1.06
0.81
0.94
0.44
0.15
0.22
0.13
0.09
0.04
0.11
0.11
0.06
0.09
0.03
0.23
0.15
0.08
0.09
0.15
0.09
0.11
0.13
0.06
0.14
0.15
0.18
0.2
0.14
0.13
0.25
0.11
0.17
0.18
0.14
0.09
0.04
0.11
0.11
0.21
0.22
0.36
0.59
0.55
0.57
0.63
0.68
0.84
0.97
1.01
0.93
0.68
0.63
0.73
0.57
0.43
0.24
0.27
0.23
0.19
0.1
0.09
0.13
0.3
0.14
0.11
0.05
0.06
0.12
0.14
0.11
0.07
0.11
0.14
0.16
0.1
0.08
0.04
0.02
0.04
0.12
0.07
0.03
0.09
0.09
0.1
0.1
0.09
0.12
0.16
0.15
0.15
0.19
0.18
0.22
0.19
0.28
0.45
0.5
0.49
0.56
0.48
0.51
0.58
0.45
0.44
0.52
0.52
0.64
0.56
0.59
0.63
0.63
0.75
0.73
0.81
0.8
0.84
0.84
0.81
0.76
0.78
0.73
0.72
0.78
0.72
0.8
0.74
0.72
0.78
0.76
0.8
0.91
0.96
0.94
0.96
0.92
0.88
0.86
0.81
0.82
0.85
1.02
1.09
1.21
1.13
1.24
1.27
1.24
1.25
1.18
1.17
1.08
1.23
1.31
1.19
1.26
1.26
1.38
1.53
1.67
1.57
1.6
1.66
1.61
1.58
1.64
1.61
1.6
1.24
1.17
1.15
1.42
1.57
1.53
1.47
1.85
1.91
1.88
1.74
1.53
1.44
1.51
1.76
1.87
1.92
1.92
1.82
1.74
1.76
1.88
1.95
1.95
1.75
1.55
0.96
0.19
0.16
0.22
0.26
0.52
0.39
0.45
0.5
0.71
0.64
0.68
0.82
0.86
0.96
0.74
0.75
0.87
0.77
0.89
1.06
1
1.02
0.98
0.73
0.72
0.34
0.18
0.26
0.77
0.96
0.89
0.57
0.66
0.35
0.52
0.53
0.46
0.21
0.3
0.25
0.13
0.09
0.08
0.08
0.24
0.25
0.17
0.22
0.19
0.16
0.24
0.22
0.21
0.21
0.18
0.2
0.19
0.22
0.08
0.08
0.11
0.03
0.11
0.07
0.08
0.67
0.81
0.83
0.77
0.77
0.8
0.82
0.83
1.01
1.07
1.2
1.17
1.07
1.05
1.02
0.88
0.58
0.53
0.6
0.53
0.5
0.5
0.56
0.4
0.24
0.18
0.2
0.34
0.35
0.57
0.68
0.7
0.71
0.9
0.52
0.62
1.12
1.16
1.06
0.93
0.8
0.75
0.68
0.67
0.75
0.75
0.96
1.17
1.34
1.23
1.26
1.48
1.49
1.79
1.86
1.69
1.72
1.55
1.45
1.38
1.53
1.4
1.23
0.83
0.25
0.21
0.26
0.64
0.92
0.92
0.97
1.09
1.29
1.42
1.35
1.3
1.14
0.86
1
1.08
0.88
1.04
1.07
1.26
1.36
1.37
1.3
1.41
1.32
1.22
1.34
1.48
1.71
1.98
2.08
1.89
1.63
1.71
1.61
1.75
1.69
1.62
1.82
1.66
1.52
1.48
1.43
1.33
1.29
1.25
1.02
0.96
0.97
0.88
0.89
1.04
1.35
1.44
1.64
1.81
1.79
1.84
2.01
2.24
2.54
2.56
1.84
1.1
0.54
0.65
0.67
0.89
1.51
1.9
1.96
2.12
2.26
1.96
1.03
1.13
1.69
2.49
2.3
2.23
1.7
1.21
0.87
0.84
0.9
0.7
0.55
0.7
0.92
0.7
0.74
0.9
1
0.99
1.22
1.35
1.37
1.19
1.33
1.41
1.28
1.33
1.37
1.22
1.03
0.48
0.48
0.72
0.67
0.52
0.6
0.63
0.67
0.79
0.8
0.81
0.86
0.92
1.04
1.05
1.18
1.24
1.42
1.23
1.33
1.62
1.74
1.73
1.83
1.78
1.67
1.42
1.23
1.38
1.34
1.56
1.84
1.62
1.73
1.74
1.82
1.73
1.79
1.94
2.02
1.97
2.09
2.21
2.14
2.08
2.11
2.41
1.49
0.73
0.77
0.79
0.86
0.78
1.03
1.09
1.12
1.37
1.32
1.44
1.24
1.31
1.33
1.35
1.37
1.45
1.62
1.54
1.61
1.53
1.57
1.55
1.46
1.28
1.25
1.38
1.4
1.19
1.13
1.12
1.18
1.23
1.33
1.1
1.16
0.95
0.97
0.99
0.88
0.7
0.6
0.68
0.57
0.42
0.15
0.29
0.29
0.32
0.61
1.03
1.03
1.02
0.73
0.94
0.77
0.85
0.81
1.06
0.99
1.14
0.98
0.99
1.11
0.92
0.69
0.66
0.76
0.86
0.81
0.68
0.89
0.77
0.68
1.02
1.02
0.92
1.21
0.83
0.65
0.86
0.83
0.98
0.92
0.96
0.97
0.48
0.37
0.41
0.21
0.24
0.28
0.94
1.08
1.28
1.33
1.36
1.33
1.41
1.38
1.37
1.32
1.27
1.53
1.41
1.47
1.45
1.07
1.02
0.91
0.89
1.43
1.78
1.68
1.58
1.3
1.42
1.48
1.19
1.03
0.93
0.9
0.93
0.61
0.77
0.78
0.58
0.42
0.44
0.46
0.26
0.28
0.36
0.21
0.19
0.43
0.19
0.14
0.55
0.68
0.74
0.69
0.69
0.65
0.73
0.79
0.76
0.75
0.72
0.65
0.66
0.67
0.57
0.64
0.69
0.68
0.71
0.63
0.54
0.93
0.95
0.94
0.94
0.78
0.98
1.16
1.3
1.47
1.48
1.48
1.69
1.56
1.69
1.79
1.85
1.98
2.12
2.22
2.13
2.06
2.09
1.97
1.89
1.74
1.61
1.67
1.81
1.76
1.61
1.33
1.38
1.41
1.29
1.18
1.16
1.18
1.16
1.12
0.98
0.92
1.01
0.69
0.48
0.17
0.39
0.42
0.48
0.62
0.86
0.74
0.43
0.3
0.47
0.69
0.93
1.01
1.14
1.26
1.33
1.34
1.4
1.32
1.23
1.02
1.04
0.99
0.87
0.69
0.52
0.74
0.56
0.63
0.66
0.48
0.28
0.08
0.05
0.08
0.08
0.1
0.39
0.52
0.4
0.21
0.58
0.58
0.45
0.27
0.33
0.39
0.54
0.6
0.25
0.25
0.25
0.31
0.32
0.47
0.94
1.52
1.43
0.99
0.82
0.94
0.55
0.63
0.69
0.28
0.09
0.11
0.22
0.22
0.26
0.28
0.28
0.47
0.76
0.79
0.98
0.94
0.92
0.85
0.82
0.6
0.29
0.24
0.58
0.64
0.6
0.81
0.89
1.09
0.78
0.65
0.58
0.65
0.44
0.53
0.4
0.28
0.12
0.11
0.1
0.15
0.16
0.12
0.25
0.25
0.24
0.29
0.52
0.72
1.14
1.51
1.69
1.89
2.04
2.19
2.21
2.13
2
1.68
1.42
1.12
0.51
0.33
0.4
0.73
0.79
0.72
0.92
0.62
0.65
0.94
0.79
0.57
0.81
0.76
0.88
0.92
1.11
1.18
0.99
1.06
0.98
1.04
0.95
0.84
0.7
0.72
0.88
0.79
0.83
1.27
1.38
1.1
0.68
0.54
0.25
0.19
0.04
0.1
0.21
0.34
0.48
0.73
0.88
0.79
0.44
0.27
0.26
0.3
0.25
0.55
1.06
0.99
1.09
1.02
1.02
1.17
1.04
0.94
1.3
2.05
2.28
2.27
2.08
2.17
1.89
1.48
0.97
1.04
0.64
0.55
0.47
0.45
0.16
0.28
0.41
0.47
0.74
1.11
1.28
1.4
1.75
2.17
2.68
2.85
2.71
2.34
1.79
1.59
1.56
1.42
1.04
0.54
0.55
0.59
0.38
0.34
0.19
0.19
0.17
0.14
0.07
0.16
0.06
0.16
0.19
0.35
0.52
0.53
0.67
0.67
0.62
0.66
0.52
0.66
0.54
0.42
0.42
0.36
0.53
0.91
0.72
0.74
1.02
1.28
1.31
1.18
1.44
1.86
2.02
1.86
1.62
1.41
1.71
1.67
1.52
1.45
1.61
1.76
1.85
1.44
1.46
1.53
1.53
1.52
1.51
1.53
1.58
1.6
1.55
1.59
1.53
1.47
1.55
1.51
1.58
1.57
0.81
0.6
0.95
0.94
1.08
0.9
0.89
1.17
1.08
0.99
1.11
1.17
1.25
1.21
1.31
1.37
1.17
1.32
1.31
1.15
1.12
0.98
0.98
0.91
0.68
0.72
0.5
0.03
0.26
0.18
0.06
0.11
0.09
0.12
0.14
0.13
0.26
0.19
0.07
0.11
0.22
0.19
0.36
0.52
0.64
0.71
0.6
0.7
0.43
0.51
0.58
0.65
0.72
0.88
0.96
1.03
1.12
1.13
1.13
1.16
1.02
1.07
1.21
1.19
1.22
1.15
0.99
0.54
0.83
0.75
0.5
0.58
0.62
0.58
0.63
0.58
0.75
0.78
0.92
0.9
0.97
0.89
0.82
0.84
0.82
0.83
0.89
0.88
1.04
0.92
0.97
0.93
0.98
0.95
0.94
0.87
0.89
0.88
0.97
1.01
1.13
1.16
1.3
1.22
1.19
1.23
1.24
1.28
1.19
1.17
1.23
1.27
1.12
1.22
1.15
1.05
0.62
0.91
1.09
1.13
1.04
1.01
1
0.97
0.95
0.82
0.6
0.6
0.56
0.53
0.61
0.39
0.38
0.25
0.2
0.1
0.07
0.14
0.49
0.52
0.47
0.6
1.01
0.84
0.52
0.65
0.5
0.62
0.44
0.15
0.18
0.46
0.65
0.74
0.76
0.42
0.15
0.14
0.13
0.08
0.16
0.47
0.83
0.72
1.05
1.12
0.34
0.62
0.92
0.92
0.71
0.36
0.61
0.52
0.28
0.2
0.34
0.07
0.29
0.32
0.42
0.35
0.3
0.32
0.19
0.14
0.15
0.37
0.61
0.66
0.63
0.77
0.53
0.54
0.86
0.79
0.69
0.63
0.53
0.67
0.52
0.48
0.25
0.21
0.14
0.15
0.12
0.08
0.08
0.04
0.07
0.02
0.02
0.001
0.03
0.11
0.05
0.06
0.14
0.18
0.18
0.12
0.1
0.07
0.07
0.19
0.24
0.09
0.08
0.12
0.23
0.16
0.3
0.19
0.06
0.63
0.66
0.5
0.4
0.8
0.79
0.46
0.14
0.32
0.39
0.07
0.2
0.56
0.41
0.14
0.13
0.05
0.25
0.16
0.2
0.26
0.32
0.7
0.75
0.34
0.16
0.13
0.14
0.08
0.17
0.09
0.13
0.25
0.14
0.09
0.06
0.11
0.18
0.07
0.03
0.05
0.07
0.14
0.2
0.3
0.28
0.2
0.11
0.35
0.31
0.07
0.15
0.13
0.24
0.36
0.21
0.19
0.23
0.25
0.28
0.27
0.3
0.29
0.23
0.23
0.25
0.29
0.25
0.23
0.25
0.26
0.38
0.48
0.62
0.69
0.61
0.69
0.78
1.06
1.19
1.19
1.1
1
1.02
0.88
0.81
0.6
0.72
0.56
0.34
0.25
0.4
0.32
0.15
0.15
0.24
0.09
0.11
0.08
0.11
0.26
0.21
0.26
0.27
0.24
0.35
0.44
0.56
0.58
0.61
0.73
0.92
1.11
1.31
1.33
1.5
1.78
1.96
2.11
2.12
2.33
2.33
2.24
2.39
1.79
1.8
2.02
2.01
2
2.06
1.78
1.29
0.57
0.72
0.39
0.45
0.71
0.55
0.38
0.3
0.22
0.27
0.4
0.22
0.27
0.11
0.14
0.13
0.18
0.26
0.1
0.07
0.14
0.11
0.16
0.08
0.17
0.18
0.21
0.17
0.17
0.18
0.12
0.12
0.15
0.17
0.2
0.18
0.17
0.09
0.09
0.1
0.16
0.19
0.2
0.15
0.14
0.14
0.11
0.12
0.15
0.16
0.17
0.1
0.14
0.23
0.16
0.19
0.17
0.32
0.33
0.33
0.45
0.35
0.26
0.35
0.42
0.31
0.4
0.4
0.31
0.15
0.07
0.06
0.47
0.31
0.19
0.31
0.3
0.27
0.19
0.45
0.25
0.31
0.79
0.9
0.8
0.83
0.86
0.78
0.98
1.11
0.99
1.1
1.25
1.12
1.09
1.01
1.21
1.22
1.17
1.08
0.75
0.66
0.75
1.51
0.96
1.11
0.64
0.47
0.61
0.65
0.52
0.74
0.83
1.11
0.53
0.45
0.25
0.42
0.31
0.16
0.16
0.24
0.3
0.33
0.52
0.53
0.55
0.74
1.08
1.16
1.3
1.27
1.45
1.31
1.45
1.44
1.49
1.63
1.74
1.65
1.62
1.56
1.56
1.79
1.8
1.84
1.93
1.82
1.75
1.83
1.86
1.96
2.01
2.1
1.92
1.73
1.77
1.72
1.82
1.88
1.98
1.99
1.78
2.01
2.33
2.14
2.09
2.12
2.01
1.89
1.9
1.76
1.74
1.63
1.53
1.33
1.19
0.86
0.4
0.28
0.38
0.21
0.17
0.14
0.17
0.24
0.25
0.16
0.04
0.01
0.08
0.13
0.12
0.17
0.29
0.05
0.06
0.06
0.07
0.16
0.21
0.22
0.26
0.27
0.2
0.1
0.01
0.01
0.01
0.05
0.01
0.001
0.001
0.001
0.02
0.05
0.08
0.07
0.09
0.06
0.14
0.15
0.15
0.2
0.23
0.19
0.21
0.29
0.52
0.74
0.89
0.86
0.7
1.13
1.13
1.01
0.71
0.65
0.82
0.87
1.05
1.11
1.57
1.29
1.28
1.07
1.03
0.74
0.83
0.77
0.51
0.18
0.07
0.11
0.16
0.18
0.25
0.17
0.3
0.31
0.35
0.32
0.28
0.28
0.25
0.26
0.3
0.27
0.23
0.16
0.08
0.3
0.54
0.82
1.08
1.08
1.1
1.17
1.45
1.86
1.81
2.14
1.58
1
1.08
0.81
1.18
1.35
1.69
1.3
1.07
1.22
1.22
1.07
1.22
0.52
0.85
0.68
1.08
0.84
0.43
0.28
0.3
0.51
0.45
0.21
0.39
0.54
0.43
0.55
0.39
0.19
0.28
0.23
0.17
0.14
0.18
0.08
0.1
0.12
0.08
0.17
0.14
0.46
0.6
0.48
0.3
0.41
0.49
0.38
0.39
0.44
0.7
0.79
0.84
0.63
0.65
0.64
0.66
0.27
0.2
0.22
0.4
0.7
0.42
0.6
0.6
0.45
0.6
0.72
0.58
0.63
0.41
0.32
0.27
0.45
0.55
0.5
0.72
0.62
0.72
0.57
0.56
0.31
0.53
0.58
0.65
0.45
0.35
0.48
0.58
0.56
0.52
0.18
0.54
0.76
0.42
0.74
0.65
0.59
0.32
0.49
0.62
0.68
0.64
0.64
0.69
0.65
0.68
0.49
0.61
0.6
0.57
0.31
0.47
0.88
1.18
1.3
1.17
1.09
0.82
1.26
1.39
1.19
1.35
1.71
1.89
0.76
0.55
1.02
0.64
0.64
0.52
0.37
0.66
0.83
1.35
1.23
0.87
1.33
1.14
1.06
1.41
0.69
1.06
1.57
0.87
1.28
0.65
0.66
0.45
0.83
0.86
0.67
0.64
0.47
0.53
0.66
0.64
0.73
1
1.07
1.33
1.24
1.12
1.35
1.02
0.68
0.41
0.42
0.2
0.71
1.02
1.09
0.44
0.2
0.22
0.54
0.92
0.69
0.54
0.34
0.28
0.3
0.48
0.26
0.12
0.35
0.3
0.07
0.03
0.18
0.72
0.85
0.3
0.16
0.51
0.21
0.21
0.14
0.18
0.24
0.33
0.2
0.18
0.47
0.58
0.55
0.17
0.31
0.18
0.2
0.35
0.33
0.36
0.5
0.48
0.11
0.3
0.46
0.6
0.8
0.58
0.67
0.47
0.47
0.36
0.45
0.22
0.24
0.14
0.19
0.07
0.11
0.16
0.16
0.08
0.42
0.55
0.39
0.3
0.21
0.24
0.07
0.19
0.13
0.16
0.16
0.09
0.09
0.17
0.11
0.16
0.15
0.11
0.1
0.09
0.11
0.11
0.09
0.14
0.06
0.16
0.18
0.21
0.09
0.04
0.09
0.19
0.15
0.17
0.36
0.31
0.21
0.39
0.47
0.29
0.37
0.42
0.35
0.2
0.45
0.36
0.45
0.48
0.34
0.46
0.42
0.4
0.25
0.24
0.28
0.3
0.34
0.26
0.26
0.31
0.4
0.49
0.47
0.25
0.16
0.29
0.52
0.2
0.18
0.06
0.12
0.19
0.11
0.14
0.13
0.12
0.17
0.19
0.24
0.25
0.43
0.52
0.73
0.78
0.83
1.05
1.03
0.97
1.12
1.44
1.51
1.62
1.73
1.69
1.85
1.95
2.06
1.8
1.71
1.68
1.53
1.53
1.42
1.14
1.13
0.92
0.72
0.45
0.42
0.54
0.42
0.34
0.27
0.25
0.15
0.06
0.32
0.75
1.02
1.07
1.22
1.24
0.57
0.49
0.7
0.56
0.53
0.7
0.46
0.62
0.62
0.29
0.19
0.14
0.13
0.14
0.32
0.38
0.46
0.52
0.67
0.93
0.98
1.02
1.16
1.47
1.57
1.47
1.33
1.39
1.11
0.71
0.39
0.73
0.63
0.98
1.08
1.14
0.88
1.14
1.08
1.04
1.13
1.26
1.16
1.39
1.39
1.34
1.27
1.45
1.22
1.15
1.02
0.92
1.1
1.04
0.64
0.84
0.62
0.67
0.51
0.45
0.2
0.19
0.21
0.25
0.28
0.19
0.19
0.42
0.51
0.4
0.42
0.5
0.59
0.29
0.22
0.12
0.11
0.13
0.08
0.21
0.52
0.77
0.82
0.78
0.74
0.55
0.57
0.5
0.72
0.82
0.87
1
1.04
1.48
1.63
1.28
1.16
1.35
2.13
2.2
2.06
2.47
1.95
2
2.21
2.14
1.96
1.65
1.42
0.85
1.44
1.86
1.4
0.9
0.85
0.5
0.58
0.72
0.99
1.12
0.75
0.56
0.43
0.61
0.58
0.54
0.58
0.58
0.49
0.23
0.21
0.14
0.1
0.12
0.12
0.15
0.18
0.14
0.16
0.08
0.18
0.23
0.23
0.3
0.33
0.32
0.41
0.43
0.48
0.46
0.48
0.33
0.36
0.42
0.31
0.3
0.28
0.33
0.3
0.35
0.35
0.32
0.32
0.29
0.31
0.39
0.27
0.22
0.18
0.1
0.09
0.11
0.12
0.09
0.01
0.02
0.02
0.07
0.03
0.06
0.06
0.12
0.12
0.11
0.01
0.02
0.03
0.001
0.001
0.001
0.001
0.09
0.02
0.001
0.01
0.06
0.11
0.28
0.23
0.24
0.3
0.31
0.33
0.41
0.55
0.5
0.73
0.89
0.94
1.11
1.18
1.19
1.11
1.09
1.11
1.26
1.48
1.59
1.68
1.8
1.66
1.52
1.59
1.72
1.91
1.76
1.59
1.31
1.16
0.8
0.89
0.69
0.55
0.72
0.72
0.69
0.76
0.74
0.75
0.87
1.03
1.02
0.8
0.6
0.67
0.64
0.53
0.47
0.48
0.41
0.47
0.59
0.5
0.4
0.47
0.52
0.64
0.88
0.93
1.05
0.97
0.98
0.92
0.82
0.93
1.16
1.27
1.5
1.85
1.95
1.92
1.98
1.93
1.95
1.95
2.02
2.25
2.45
2.86
2.72
2.66
2.69
2.66
2.41
1.36
0.64
0.36
0.36
0.31
0.85
0.9
0.87
0.89
0.82
0.89
0.98
0.8
0.9
0.85
1.04
1.36
1.26
1.16
0.83
0.52
0.16
0.17
0.24
0.37
0.49
0.48
0.24
0.12
0.17
0.2
0.08
0.11
0.2
0.19
0.25
0.24
0.35
0.24
0.19
0.11
0.15
0.32
0.41
0.57
0.62
0.64
0.75
1.02
1.04
0.97
0.96
1.08
1.29
1.24
1.53
1.6
1.62
1.46
1.52
1.48
1.4
1.5
1.27
1.22
1.01
0.78
0.74
0.74
0.55
0.66
0.72
0.66
0.52
0.34
0.24
0.1
0.12
0.16
0.11
0.17
0.16
0.19
0.21
0.18
0.21
0.19
0.2
0.26
0.34
0.36
0.3
0.35
0.34
0.28
0.32
0.37
0.4
0.61
0.64
0.7
0.79
0.75
0.69
0.64
0.5
0.53
0.55
0.47
0.56
0.57
0.48
0.54
0.6
0.58
0.58
0.64
0.6
0.66
0.66
0.6
0.65
0.68
0.72
0.7
0.61
0.71
0.69
0.6
0.66
0.68
0.7
0.87
0.93
0.82
0.7
0.76
0.81
0.58
0.69
0.64
0.63
0.52
0.6
0.58
0.45
0.31
0.16
0.17
0.22
0.6
0.36
0.17
0.18
0.24
0.34
0.39
0.5
0.37
0.38
0.14
0.49
0.71
0.65
0.57
0.37
0.13
0.33
0.45
0.22
0.08
0.06
0.11
0.14
0.21
0.14
0.15
0.3
0.18
0.27
0.21
0.17
0.29
0.3
0.3
0.52
0.53
0.29
0.16
0.21
0.17
0.2
0.14
0.13
0.09
0.11
0.06
0.13
0.18
0.19
0.2
0.48
0.83
0.71
0.63
0.45
0.52
0.61
0.4
0.18
0.09
0.11
0.16
0.23
0.15
0.14
0.28
0.22
0.35
0.38
0.32
0.44
0.47
0.28
0.29
0.45
0.39
0.61
0.61
0.48
0.56
0.38
0.2
0.22
0.18
0.12
0.14
0.12
0.16
0.09
0.12
0.15
0.3
0.28
0.23
0.2
0.14
0.19
0.09
0.07
0.16
0.27
0.33
0.27
0.25
0.08
0.08
0.25
0.18
0.24
0.26
0.35
0.53
0.56
0.5
0.28
0.34
0.32
0.4
0.29
0.21
0.14
0.06
0.09
0.08
0.11
0.19
0.65
0.73
0.77
0.85
0.99
0.96
0.76
0.81
0.82
1.06
0.98
0.83
0.68
0.92
1.01
0.91
0.94
0.71
0.6
0.45
0.38
0.25
0.14
0.2
0.17
0.2
0.33
0.36
0.39
0.36
0.32
0.25
0.25
0.13
0.07
0.18
0.22
0.2
0.14
0.19
0.29
0.26
0.1
0.04
0.09
0.12
0.14
0.12
0.11
0.05
0.09
0.11
0.13
0.04
0.07
0.1
0.04
0.02
0.01
0.001
0.01
0.06
0.14
0.15
0.2
0.6
0.75
0.98
1.14
1.17
1.18
1.23
1.16
1.04
0.96
0.9
0.92
0.94
0.98
0.8
0.63
0.66
0.82
0.91
1.03
0.99
1.07
1.08
0.91
0.8
0.68
0.56
0.93
1.01
0.55
0.3
0.45
0.49
0.39
0.55
0.82
0.79
0.48
0.63
0.7
0.79
0.58
0.73
0.7
0.19
0.85
0.62
0.87
0.94
0.51
0.47
0.55
0.5
0.7
0.69
0.57
0.52
0.1
0.22
0.25
0.35
0.38
0.3
0.43
0.51
0.42
0.48
0.85
1.09
1.24
1.56
1.87
2.19
2.52
2.41
2.49
2.46
2.34
2.1
1.88
1.65
1.62
1.68
1.77
2.19
2.46
2.35
1.98
1.86
1.71
1.32
0.92
0.67
0.55
0.48
0.55
0.65
0.83
0.94
1.52
1.71
2.03
2.49
2.9
3.2
3.06
3.14
2.99
3.05
3.06
2.72
3.12
2.84
1.77
0.87
0.34
0.67
0.9
1.16
1.2
1.16
1.16
1.16
1.15
1.11
1.13
1.44
1.39
1.38
1.31
1.05
0.75
0.23
0.08
0.26
0.43
0.81
0.58
0.33
0.36
0.22
0.29
0.22
0.27
0.38
0.31
0.44
0.3
0.45
0.53
0.65
0.9
0.87
1.17
1.22
1.21
1.18
1.19
1.13
1.13
1.12
1.06
1.2
1.2
1.11
1.12
1.2
1.2
1.37
1.25
1.33
1.31
1.34
1.02
0.53
0.44
0.4
0.5
0.39
0.21
0.21
0.22
0.38
0.34
0.2
0.35
0.31
0.39
0.38
0.32
0.21
0.24
0.24
0.26
0.08
0.04
0.11
0.26
0.1
0.07
0.09
0.11
0.22
0.19
0.13
0.13
0.14
0.24
0.13
0.05
0.03
0.17
0.22
0.15
0.06
0.14
0.13
0.23
0.22
0.29
0.21
0.24
0.36
0.34
0.34
0.24
0.29
0.14
0.02
0.05
0.01
0.03
0.04
0.08
0.07
0.08
0.2
0.31
0.52
0.52
0.44
0.37
0.25
0.12
0.1
0.24
0.35
0.3
0.28
0.38
0.35
0.32
0.26
0.21
0.19
0.19
0.32
0.42
0.45
0.47
0.49
0.68
0.69
0.77
0.55
0.57
0.71
0.65
0.72
0.71
0.67
0.78
0.85
0.94
1.12
1.17
1.22
1.22
1
0.71
0.72
0.62
0.58
0.44
0.28
0.07
0.04
0.05
0.02
0.11
0.09
0.05
0.12
0.35
0.29
0.25
0.59
0.73
0.87
0.93
1.01
1.14
0.89
1.04
0.86
0.75
0.39
0.21
0.22
0.19
0.17
0.52
0.3
0.79
0.55
0.54
0.72
0.62
0.7
0.73
0.8
0.7
0.36
0.21
0.25
0.34
0.48
0.38
0.11
0.21
0.16
0.34
0.7
0.42
0.15
0.12
0.19
0.11
0.08
0.14
0.15
0.26
0.16
0.14
0.31
0.15
0.19
0.3
0.4
0.16
0.09
0.34
0.12
0.15
0.1
0.31
0.48
0.55
0.48
0.52
0.62
0.69
0.95
0.99
0.73
0.57
0.93
1.23
0.82
0.44
0.38
0.38
0.4
0.37
0.22
0.25
0.26
0.39
0.48
0.49
0.56
0.35
0.49
0.82
0.57
0.57
0.76
0.61
0.56
0.74
0.72
0.69
0.68
0.43
0.21
0.73
0.58
1.18
1.15
1.14
1.11
1.32
1.52
1.61
1.62
1.77
1.39
1.06
1.03
1.14
1.07
1.1
1.06
1.08
0.57
0.5
0.72
0.71
1
0.7
0.29
0.46
0.81
0.89
0.72
0.65
0.74
0.7
0.56
0.52
0.47
0.6
1.13
1.04
0.84
0.99
1.1
1.13
0.94
0.8
1.24
1.3
1.21
1.3
1.38
1.41
1.59
1.41
1.64
1.68
1.18
1.13
1.14
1.21
1.11
1.29
1.19
1.02
1
1.01
0.97
0.91
0.76
0.22
0.32
0.37
0.36
0.45
0.58
0.68
0.45
0.59
0.71
0.6
0.31
0.28
0.6
0.41
0.26
0.58
0.66
0.39
0.41
0.25
0.19
0.19
0.26
0.31
0.61
0.34
0.39
0.66
0.99
0.94
0.82
1.08
1.21
1.02
0.99
1.15
1.38
1.27
0.94
1.11
1.45
1.36
0.83
0.87
1.29
1.14
1.34
1.18
1.39
1.61
1.76
1.68
1.82
1.84
1.81
1.64
1.58
1.42
1.48
1.67
1.64
1.36
0.6
1.13
0.96
0.92
0.8
0.81
0.82
1.03
0.92
0.91
1.11
1.14
0.88
0.99
1
1.07
0.88
0.8
0.63
0.59
0.81
1.21
1.28
1.62
1.3
0.7
0.73
1.02
1.01
1.48
1.41
1.38
1.44
1.57
1.59
1.45
1.37
1.2
1.16
1.26
1.05
0.99
1.35
1.31
1.32
1.02
1.08
0.88
0.76
0.86
1.01
1.17
0.93
1.04
0.72
0.65
0.91
1.36
1.16
1.14
0.61
0.97
1.02
1.06
0.92
0.48
0.65
0.32
0.16
0.24
0.34
0.17
0.5
0.75
0.96
0.91
0.75
0.6
0.58
0.73
0.68
0.72
0.69
0.63
0.71
0.7
0.71
0.78
0.78
0.55
0.72
0.81
0.71
1.1
1.2
1.18
1.19
1
0.84
0.84
0.92
0.87
0.92
1.23
1.3
0.93
0.94
0.98
1.26
1.21
1.34
1.35
1.27
1.3
1.19
1.15
1.06
1.11
1.13
1.24
1.36
1.26
1.19
1.39
1.29
1.01
0.92
1.13
1.07
0.68
0.56
0.12
0.25
0.48
0.44
0.63
0.48
0.2
0.1
0.04
0.18
0.09
0.09
0.28
0.14
0.35
0.37
0.36
0.26
0.41
0.36
0.23
0.21
0.14
0.16
0.19
0.16
0.13
0.13
0.19
0.19
0.15
0.05
0.08
0.07
0.01
0.16
0.16
0.19
0.14
0.18
0.18
0.08
0.1
0.12
0.13
0.16
0.22
0.21
0.23
0.12
0.08
0.14
0.06
0.01
0.12
0.06
0.08
0.55
0.57
0.46
0.23
0.29
0.53
0.58
0.64
0.44
0.34
0.51
0.42
0.69
0.43
0.23
0.21
0.001
0.26
0.1
0.12
0.16
0.08
0.11
0.05
0.09
0.15
0.16
0.11
0.17
0.26
0.4
0.55
0.7
0.89
0.84
0.78
0.67
0.71
0.6
0.55
0.72
0.78
0.87
0.97
1.06
1.1
0.97
0.33
0.16
0.41
0.24
0.29
0.24
0.3
0.28
0.47
0.27
0.42
0.56
0.59
0.65
0.68
0.62
0.62
0.59
0.46
0.33
0.49
0.77
1.24
1.29
1.42
1.38
1.41
1.21
1.28
1.31
0.73
0.91
1.13
1.03
0.87
0.67
0.88
0.97
0.98
0.97
0.97
1.06
1.18
1.1
1.2
1.15
1.1
0.89
0.82
0.99
1.04
0.97
1
1.01
1.12
1.07
1.14
0.98
0.95
0.88
0.88
0.82
0.84
0.82
0.75
0.74
0.63
0.68
0.78
0.78
0.8
0.9
0.75
0.65
0.65
0.83
0.73
0.59
0.48
0.39
0.45
0.39
0.35
0.61
0.65
0.21
0.29
0.24
0.22
0.14
0.25
0.27
0.45
0.29
0.67
0.91
0.77
1.03
1.12
0.9
0.83
0.87
1.05
1.02
0.99
1.09
1.01
1.09
0.82
1.05
1.09
0.82
0.82
0.66
0.65
0.62
0.45
0.43
0.38
0.52
0.25
0.11
0.05
0.03
0.08
0.09
0.32
0.3
0.14
0.33
0.32
0.64
0.63
0.91
0.94
1.12
0.91
1.04
1.31
1.45
1.49
0.65
0.74
0.65
1
0.85
0.74
0.62
0.53
0.49
0.54
0.49
0.5
0.93
0.96
0.77
1.03
1.08
1.46
1.25
0.92
0.84
0.66
0.5
0.14
0.5
0.59
0.64
0.52
0.68
0.42
0.29
0.24
0.22
0.12
0.18
0.31
0.68
0.88
0.74
0.52
0.56
0.88
0.48
0.24
0.12
0.12
0.47
0.76
0.93
0.97
0.96
1.08
1.13
0.72
0.6
0.54
0.65
0.53
0.6
0.51
0.49
0.36
0.47
0.48
0.49
0.6
0.59
0.85
0.73
0.51
0.87
0.73
0.67
0.78
0.7
0.78
0.84
0.76
0.9
0.91
0.97
0.95
0.93
0.79
0.7
0.63
0.5
0.5
0.52
0.68
0.63
0.59
0.53
0.53
0.55
0.48
0.37
0.54
0.67
0.42
0.83
0.62
0.71
0.77
0.99
0.84
0.71
0.82
0.72
0.59
0.31
0.65
0.61
0.56
0.49
0.58
0.6
0.57
0.76
0.82
0.56
0.63
0.78
0.92
0.4
0.57
0.84
0.91
0.98
0.92
0.87
0.82
0.73
0.87
0.77
0.84
0.69
0.31
0.37
0.37
0.33
0.21
0.28
0.29
0.15
0.22
0.11
0.19
0.34
0.32
0.18
0.21
0.31
0.42
0.4
0.36
0.3
0.1
0.14
0.33
0.56
0.65
0.56
0.39
0.23
0.31
0.65
0.33
0.64
0.35
0.35
0.39
0.28
0.4
0.49
0.55
0.53
0.55
0.55
0.48
0.46
0.55
0.57
0.63
0.67
0.55
0.53
0.33
0.38
0.24
0.24
0.33
0.4
0.52
0.48
0.22
0.16
0.09
0.11
0.12
0.08
0.07
0.08
0.07
0.08
0.05
0.05
0.01
0.06
0.15
0.09
0.03
0.12
0.25
0.24
0.45
0.85
1.21
1.48
1.77
1.71
1.09
0.86
0.75
0.43
0.39
0.25
0.29
0.39
0.51
0.34
0.29
0.11
0.04
0.07
0.08
0.11
0.11
0.34
0.5
0.72
0.74
0.73
0.62
0.58
0.45
0.34
0.25
0.29
0.28
0.13
0.08
0.21
0.25
0.05
0.11
0.11
0.07
0.1
0.11
0.25
0.27
0.52
0.7
0.75
0.84
1.04
1.26
1.45
1.61
1.76
1.94
1.88
1.82
1.88
2.12
2.13
2.17
2.09
2.09
2.15
2.11
2.18
2.33
2.18
2.25
2.19
1.74
1.66
1.68
1.59
1.48
1.64
1.89
1.75
1.58
1.48
1.36
1.27
1.24
1.25
1.28
1.18
1.25
1.23
1.12
1.29
1.34
1.36
1.44
1.59
1.78
1.7
1.5
1.38
1.33
1.22
1.36
1.48
1.56
1.33
1.52
1.63
1.69
1.69
1.64
1.71
1.61
1.47
1.28
1.26
1.25
1.18
1.35
1.34
1.4
1.36
1.53
1.35
1.23
1.32
1.55
1.69
1.62
1.38
1.25
1.23
1.18
1.08
1.16
1.16
0.98
0.78
0.76
0.84
0.98
1.27
1.45
1.5
1.66
1.71
1.84
1.88
1.94
2.14
2.34
2.41
2.61
2.66
2.59
2.61
2.34
2.44
2.45
2.25
2.17
2.12
2.15
2.14
2.07
2.06
1.77
1.67
1.6
1.58
1.84
1.92
1.97
1.86
1.82
1.78
1.66
1.69
1.73
1.71
1.71
1.52
1.44
1.41
1.36
1.22
1.17
1.18
1.06
1.12
1.18
1.24
1.12
1.28
1.37
1.62
1.57
1.47
1.45
1.35
1.38
1.56
1.49
1.69
2.05
2.63
2.51
2.77
2.61
2.13
1.99
2.09
2.06
2
1.75
1.68
1.76
1.64
1.54
1.41
1.31
1.31
1.17
1.16
1.1
1.16
1.19
1.22
1.24
1.18
1.36
1.66
1.38
1.38
1.18
1.29
1.22
1.02
1.1
1.16
1.33
1.26
1.46
1.4
1.21
1.1
1.09
1.12
0.72
0.86
0.81
0.61
0.5
0.55
0.5
0.47
0.44
0.36
0.38
0.45
0.43
0.39
0.48
0.39
0.29
0.21
0.19
0.16
0.12
0.13
0.08
0.11
0.14
0.18
0.19
0.18
0.23
0.24
0.16
0.21
0.37
0.42
0.39
0.38
0.53
0.49
0.58
0.69
0.6
0.52
0.53
0.72
0.48
0.59
0.67
0.71
0.61
0.29
0.48
0.58
0.64
0.62
0.58
0.54
0.6
0.68
0.65
0.84
0.72
0.73
0.75
0.91
0.77
0.35
0.35
0.39
0.5
0.3
0.6
0.73
0.46
0.44
0.68
0.51
0.48
0.53
0.65
0.85
0.96
0.99
1.02
0.97
0.73
0.58
0.75
0.57
0.57
0.46
0.09
0.08
0.09
0.21
0.42
0.36
0.36
0.47
0.55
0.62
0.52
0.72
1.03
1
0.87
1.02
0.96
0.94
0.96
0.67
0.43
0.42
0.41
0.44
0.55
0.65
0.42
0.54
0.55
0.55
0.43
0.44
0.4
0.33
0.4
0.52
0.66
0.78
0.8
0.62
0.56
0.24
0.28
0.69
0.78
0.82
0.6
0.54
0.5
0.51
0.4
0.45
0.52
0.44
0.5
0.55
0.39
0.19
0.13
0.05
0.37
0.73
0.93
0.89
1.04
0.95
0.74
0.62
0.5
0.46
0.41
0.31
0.23
0.06
0.001
0.01
0.08
0.31
0.33
0.09
0.16
0.14
0.12
0.06
0.13
0.07
0.17
0.08
0.14
0.1
0.16
0.34
0.42
0.35
0.33
0.27
0.3
0.33
0.4
0.41
0.35
0.41
0.32
0.13
0.19
0.21
0.16
0.07
0.11
0.09
0.17
0.14
0.09
0.15
0.13
0.18
0.21
0.15
0.08
0.12
0.09
0.11
0.16
0.29
0.3
0.35
0.31
0.38
0.31
0.26
0.19
0.11
0.16
0.5
0.53
0.57
0.48
0.39
0.63
0.77
0.8
0.91
0.92
0.85
0.69
0.55
0.67
0.81
0.54
0.74
0.74
0.59
0.58
0.53
0.36
0.49
0.7
0.72
0.34
0.16
0.09
0.14
0.29
0.26
0.26
0.23
0.27
0.18
0.2
0.25
0.18
0.24
0.19
0.22
0.07
0.06
0.15
0.16
0.15
0.18
0.15
0.16
0.11
0.08
0.05
0.16
0.12
0.1
0.18
0.14
0.16
0.22
0.09
0.001
0.03
0.04
0.11
0.09
0.2
0.22
0.19
0.24
0.19
0.21
0.18
0.12
0.05
0.07
0.12
0.16
0.18
0.22
0.2
0.29
0.24
0.27
0.27
0.25
0.2
0.21
0.18
0.21
0.23
0.24
0.28
0.37
0.4
0.5
0.62
0.67
0.73
0.77
0.78
0.67
0.72
0.82
0.8
0.81
0.86
0.93
0.92
0.9
0.93
0.95
1.04
0.99
1.12
1.22
1.41
1.24
1.13
1.26
1.37
1.32
1.56
1.53
1.48
1.41
1.34
1.31
1.23
1.2
1.11
1.04
1.02
1.02
0.9
0.81
0.7
0.76
0.77
0.74
0.82
0.86
0.87
0.92
1
1.06
0.94
0.83
0.86
0.9
0.78
0.83
0.8
0.92
0.78
0.73
0.53
0.35
0.31
0.35
0.3
0.29
0.28
0.24
0.25
0.25
0.2
0.25
0.28
0.39
0.41
0.28
0.14
0.08
0.11
0.17
0.35
0.47
0.5
0.78
0.97
0.96
1.07
1.03
1.06
1.32
1.28
1.16
1.22
1.24
1.19
1.18
1.18
1.08
0.96
0.91
0.81
0.71
0.65
0.66
0.63
0.65
0.67
0.69
0.67
0.76
0.81
0.86
0.91
0.92
0.92
0.99
0.94
0.87
0.83
0.86
0.97
1.02
1.1
1.02
0.83
0.76
0.63
0.67
0.6
0.46
0.34
0.22
0.19
0.08
0.04
0.03
0.07
0.06
0.09
0.22
0.2
0.27
0.2
0.11
0.05
0.17
0.33
0.42
0.09
0.17
0.19
0.24
0.14
0.12
0.09
0.09
0.001
0.01
0.07
0.05
0.15
0.19
0.2
0.24
0.23
0.18
0.26
0.31
0.27
0.22
0.22
0.17
0.13
0.17
0.16
0.14
0.04
0.03
0.02
0.06
0.08
0.06
0.08
0.14
0.12
0.2
0.001
0.001
0.001
0.72
0.001
0.001
0.001
0.5
0.6
0.6
0.6
0.65
0.62
0.62
0.65
0.6
0.68
0.58
0.82
0.65
0.78
0.48
0.45
0.52
0.62
0.62
0.62
0.55
0.42
0.22
0.2
0.3
0.32
0.48
0.65
0.75
0.55
0.6
0.42
0.4
0.52
0.45
0.55
0.48
0.52
0.58
0.72
0.65
0.58
0.65
0.7
0.68
0.72
0.72
0.82
1.1
1.08
1.22
1.25
1.22
1.32
1.32
1.52
1.62
1.75
2.02
2.1
2.12
2.1
2.05
1.92
1.98
1.88
1.8
1.58
1.42
1.38
1.02
0.62
0.65
0.78
0.7
0.75
0.75
0.88
1.02
1.1
1
0.92
1.02
1.3
1.32
1.5
1.65
1.58
1.8
1.98
2
1.85
1.95
1.68
1.42
1.35
1.42
1.45
1.15
1.25
1.48
1.55
1.4
1.68
1.95
2.05
2.35
2.72
2.68
2.4
2.5
2.35
2.28
2.12
2.08
2.02
2.32
2.4
2.6
2.9
2.75
2.95
2.78
2.62
2.6
2.45
2.05
2
2.05
1.98
2.1
1.9
1.52
1.65
1.48
1.15
1.35
1.12
1.4
1.45
1.25
1.25
1.18
0.85
1.02
0.88
0.9
0.68
0.48
0.4
0.2
0.2
0.12
0.08
0.18
0.18
0.15
0.22
0.3
0.35
0.35
0.28
0.18
0.15
0.28
0.2
0.2
0.15
0.28
0.25
0.35
0.38
0.38
0.42
0.52
0.55
0.5
0.6
0.85
0.78
0.82
0.95
1.05
1.25
1.2
1.18
1.3
1.45
1.5
1.7
2
2.1
2.02
2.2
2.4
2.2
2.2
2.3
2.22
2.48
2.55
2.45
2.42
2.18
2.15
2.08
1.85
1.72
1.72
1.58
1.45
1.32
0.98
0.7
0.42
0.32
0.62
0.75
0.6
0.88
0.72
0.78
0.9
0.5
0.62
0.7
0.72
0.75
0.55
0.58
0.45
0.45
0.45
0.5
0.52
0.5
0.52
0.48
0.38
0.3
0.22
0.32
0.65
0.8
0.75
0.88
0.68
0.65
0.68
0.75
0.5
0.22
0.28
0.12
0.15
0.22
0.18
0.18
0.2
0.2
0.15
0.12
0.1
0.02
0.08
0.02
0.001
0.001
0.001
0.001
0.001
0.001
0.15
0.15
0.22
0.32
0.52
0.3
0.58
0.68
0.55
0.62
0.3
0.22
0.18
0.1
0.1
0.02
0.02
0.08
0.02
0.15
0.48
0.5
0.55
0.82
0.75
0.9
0.8
0.72
0.5
0.12
0.25
0.25
0.18
0.18
0.3
0.25
0.28
0.18
0.1
0.08
0.001
0.25
0.52
0.6
0.5
0.25
0.38
0.55
0.48
0.28
0.22
0.15
0.05
0.05
0.1
0.18
0.3
0.28
0.3
0.28
0.3
0.3
0.2
0.1
0.001
0.05
0.02
0.12
0.15
0.1
0.12
0.22
0.18
0.28
0.18
0.18
0.2
0.25
0.22
0.2
0.2
0.1
0.2
0.22
0.3
0.3
0.22
0.22
0.15
0.02
0.001
0.001
0.02
0.001
0.001
0.05
0.02
0.02
0.05
0.2
0.3
0.62
0.8
0.75
0.75
0.68
0.58
0.42
0.45
0.3
0.4
0.32
0.12
0.18
0.15
0.35
0.65
0.65
0.2
0.45
0.48
0.42
0.52
0.38
0.38
0.3
0.12
0.1
0.2
0.2
0.3
0.2
0.25
0.2
0.25
0.2
0.2
0.18
0.22
0.22
0.35
0.48
0.5
0.55
0.62
0.78
0.78
0.95
1.08
1.1
0.72
0.68
0.75
0.7
0.52
0.78
0.82
0.82
0.85
0.9
1.1
0.95
1.02
1.1
1
0.98
1.05
1.22
1.3
1.35
1.35
1.28
1.28
1.25
1.22
1.02
1
0.6
0.48
0.55
0.48
0.62
0.7
0.7
0.82
0.72
0.7
0.72
0.68
0.6
0.6
0.55
0.5
0.5
0.55
0.6
0.52
0.62
0.82
0.85
0.85
0.72
0.72
0.82
0.75
0.9
0.95
0.95
0.85
0.88
0.85
0.78
0.65
0.68
0.6
0.48
0.48
0.48
0.42
0.58
0.5
0.35
0.38
0.42
0.32
0.4
0.4
0.52
0.55
0.55
0.6
0.6
0.72
0.72
0.9
0.98
0.95
1.02
1.02
1.28
1.4
1.48
1.48
1.32
0.92
1.15
0.9
0.7
0.65
0.62
0.42
0.38
0.32
0.22
0.3
0.28
0.48
0.12
0.1
0.35
0.6
0.62
0.52
0.55
0.15
0.001
0.001
0.12
0.3
0.45
0.68
0.82
1.18
1.35
1.35
1.22
1.1
1.12
0.65
0.38
0.25
0.18
0.22
0.12
0.2
0.2
0.3
0.18
0.02
0.05
0.15
0.15
0.18
0.2
0.2
0.15
0.32
0.4
0.35
0.25
0.22
0.32
0.35
0.38
0.3
0.15
0.15
0.12
0.5
0.65
0.72
0.68
0.58
0.48
0.58
0.4
0.45
0.58
0.68
0.7
0.52
0.35
0.28
0.28
0.2
0.25
0.22
0.18
0.18
0.18
0.22
0.3
0.3
0.28
0.52
0.82
0.6
0.52
0.68
0.7
0.78
0.88
0.98
1.1
1.05
1.1
0.98
0.95
0.8
0.68
0.42
0.45
0.25
0.2
0.15
0.18
0.001
0.18
0.35
0.42
0.3
0.08
0.001
0.08
0.05
0.12
0.25
0.22
0.38
0.5
0.6
0.52
0.48
0.58
0.2
0.35
0.28
0.3
0.35
0.22
0.22
0.2
0.2
0.32
0.15
0.08
0.12
0.15
0.15
0.12
0.15
0.2
0.32
0.42
0.4
0.6
0.35
0.52
0.38
0.48
0.58
0.5
0.38
0.3
0.35
0.45
0.55
0.62
0.58
0.5
0.7
0.8
0.82
0.88
0.82
0.8
0.8
0.72
0.95
1.12
1.2
1.3
1.32
1.32
1.32
1.28
1.2
1.28
1.48
1.48
1.35
1.35
1.3
1.2
1.35
1.48
1.5
1.45
1.28
1.32
1.35
1.3
1.28
1.18
1.08
1.15
1.22
1.2
1.18
1.22
1.28
1.25
1.02
1.1
0.98
0.75
0.78
0.58
0.35
0.18
0.22
0.28
0.3
0.3
0.35
0.4
0.4
0.28
0.2
0.28
0.3
0.25
0.25
0.25
0.15
0.25
0.28
0.12
0.12
0.1
0.05
0.25
0.25
0.48
0.7
0.8
0.7
0.45
0.35
0.45
0.32
0.32
0.38
0.3
0.18
0.15
0.2
0.12
0.05
0.08
0.1
0.3
0.48
0.38
0.32
0.52
0.35
0.28
0.1
0.1
0.2
0.2
0.28
0.4
0.5
0.52
0.45
0.45
0.55
0.58
0.58
0.42
0.32
0.38
0.45
0.42
0.35
0.25
0.35
0.35
0.35
0.2
0.08
0.1
0.38
0.5
0.52
0.58
0.68
0.7
0.68
0.55
0.42
0.42
0.15
0.12
0.12
0.18
0.25
0.1
0.02
0.02
0.02
0.001
0.08
0.15
0.48
0.32
0.15
0.28
0.3
0.3
0.3
0.32
0.32
0.25
0.22
0.25
0.25
0.3
0.2
0.15
0.05
0.1
0.08
0.08
0.18
0.1
0.1
0.15
0.1
0.22
0.2
0.22
0.22
0.2
0.32
0.28
0.28
0.32
0.3
0.25
0.28
0.45
0.5
0.3
0.25
0.12
0.15
0.1
0.12
0.18
0.15
0.2
0.2
0.15
0.2
0.28
0.3
0.3
0.25
0.25
0.22
0.2
0.2
0.2
0.18
0.2
0.2
0.1
0.15
0.18
0.12
0.22
0.25
0.18
0.3
0.2
0.2
0.22
0.32
0.35
0.5
0.68
0.78
0.95
1.15
1.32
1.2
1.12
1.4
1.85
1.65
1.5
1.5
1.68
1.65
1.65
1.55
1.42
1.45
1.68
1.55
1.3
1.38
1.75
1.82
1.58
1.48
1.48
1.45
1.5
1.6
1.65
1.5
1.68
1.78
1.85
2.4
2.25
2.05
1.55
1.25
1.25
1.08
1.18
1.02
1.12
1.08
1
1.18
1.18
1.1
1.08
1.28
1.32
1.42
1.2
1.12
1.12
1
1.02
1
0.85
0.82
0.9
0.92
1.02
0.92
1.05
1.25
1.12
1.2
1.1
1.02
1.02
1.1
1
0.9
0.8
0.4
0.32
0.18
0.08
0.28
0.4
0.25
0.15
0.3
0.45
0.38
0.38
0.3
0.22
0.05
0.2
0.32
0.2
0.25
0.25
0.3
0.35
0.4
0.5
0.85
0.92
1.15
1.25
1.4
0.88
1.08
1.15
0.98
0.8
0.8
1.05
0.95
0.62
0.62
0.7
0.7
0.75
0.88
1.02
1.05
1.05
1.1
1.22
1.2
1.08
0.92
1.08
0.98
1.15
1.12
1.15
1.15
1.05
0.95
1.05
1.05
1
1.08
1.08
0.88
0.68
0.65
0.62
0.62
0.6
0.65
0.52
0.5
0.52
0.48
0.42
0.22
0.2
0.18
0.38
0.25
0.18
0.2
0.38
0.3
0.15
0.22
0.2
0.3
0.28
0.3
0.35
0.32
0.52
0.45
0.5
0.48
0.38
0.4
0.28
0.22
0.15
0.2
0.18
0.001
0.08
0.001
0.02
0.001
0.08
0.15
0.22
0.22
0.22
0.25
0.28
0.28
0.3
0.35
0.25
0.32
0.22
0.18
0.18
0.12
0.08
0.2
0.2
0.1
0.15
0.12
0.18
0.18
0.18
0.1
0.1
0.15
0.3
0.28
0.22
0.2
0.25
0.15
0.15
0.42
0.35
0.42
0.5
0.58
0.52
0.58
0.68
0.52
0.3
0.18
0.3
0.5
0.5
0.42
0.45
0.52
0.45
0.25
0.32
0.4
0.38
0.3
0.3
0.55
0.48
0.6
0.85
0.68
0.95
0.6
0.58
0.68
0.6
0.5
0.68
0.68
0.52
0.38
0.18
0.22
0.3
0.3
0.32
0.42
0.5
0.52
0.48
0.35
0.2
0.15
0.22
0.4
0.22
0.25
0.25
0.3
0.18
0.18
0.15
0.2
0.25
0.2
0.12
0.18
0.22
0.2
0.3
0.28
0.3
0.3
0.3
0.3
0.2
0.28
0.32
0.3
0.38
0.52
0.5
0.35
0.52
0.72
0.52
0.38
0.3
0.35
0.58
0.68
0.65
0.75
0.65
0.58
0.5
0.52
0.65
0.62
0.52
0.2
0.12
0.1
0.02
0.1
0.08
0.15
0.18
0.18
0.12
0.4
0.6
0.75
0.8
0.8
0.88
0.78
0.92
0.95
0.72
0.65
0.92
0.92
0.92
1
0.98
1.1
1.12
0.92
0.75
0.5
0.35
0.28
0.25
0.18
0.25
0.25
0.18
0.22
0.2
0.18
0.2
0.15
0.18
0.2
0.15
0.08
0.28
0.38
0.52
0.42
0.45
0.62
0.65
0.58
0.4
0.4
0.65
0.5
0.58
0.48
0.55
0.22
0.18
0.2
0.1
0.1
0.15
0.2
0.18
0.2
0.15
0.18
0.12
0.1
0.2
0.1
0.1
0.15
0.1
0.15
0.15
0.1
0.12
0.15
0.12
0.18
0.15
0.12
0.15
0.1
0.15
0.12
0.12
0.12
0.08
0.1
0.15
0.08
0.08
0.22
0.08
0.12
0.001
0.05
0.08
0.12
0.001
0.05
0.05
0.08
0.2
0.25
0.28
0.22
0.3
0.25
0.25
0.25
0.2
0.12
0.08
0.15
0.2
0.2
0.05
0.08
0.32
0.55
0.5
0.38
0.28
0.22
0.4
0.7
0.68
0.6
0.3
0.35
0.25
0.3
0.22
0.2
0.2
0.22
0.15
0.1
0.15
0.15
0.05
0.08
0.001
0.2
0.22
0.28
0.12
0.25
0.42
0.48
0.4
0.22
0.22
0.3
0.28
0.35
0.25
0.2
0.18
0.18
0.1
0.1
0.12
0.2
0.18
0.2
0.2
0.25
0.3
0.32
0.25
0.18
0.2
0.22
0.18
0.15
0.15
0.22
0.2
0.2
0.32
0.42
0.4
0.35
0.42
0.55
0.48
0.55
0.58
0.72
0.75
0.82
0.98
1.05
1.02
1.1
1.05
1.25
1.3
1.42
1.32
1.4
1.3
1.22
1
0.85
0.78
0.82
0.78
0.72
0.88
0.85
0.82
0.8
0.88
0.98
0.92
1
1.15
1.2
1.28
1.25
1.2
1.18
1.1
1.18
1.3
1.38
1.28
1.35
1.38
1.28
1.38
1.45
1.42
1.45
1.55
1.5
1.55
1.4
1.45
1.45
1.4
1.38
1.3
1.28
1.32
1.3
1.25
1.3
1.35
1.38
1.4
1.55
1.6
1.5
1.42
1.35
1.38
1.48
1.5
1.65
1.75
1.75
1.78
1.75
1.65
1.5
1.32
1.22
1.22
1.2
1.22
1.28
1.35
1.28
1.28
1.25
1.22
1.12
1.12
1.05
1.02
0.88
0.9
0.88
0.9
0.88
0.9
0.92
0.92
0.78
0.85
0.98
1.2
1.35
1.58
1.62
1.6
1.55
1.18
1.02
0.95
0.92
0.88
0.8
0.78
0.7
0.75
0.7
0.62
0.55
0.28
0.08
0.08
0.001
0.15
0.22
0.22
0.22
0.22
0.2
0.15
0.2
0.25
0.2
0.2
0.1
0.12
0.1
0.2
0.2
0.2
0.12
0.12
0.25
0.2
0.18
0.2
0.1
0.18
0.2
0.3
0.28
0.2
0.25
0.25
0.28
0.28
0.22
0.18
0.2
0.1
0.08
0.001
0.02
0.08
0.3
0.35
0.35
0.38
0.45
0.52
0.5
0.58
0.6
0.62
0.58
0.52
0.45
0.45
0.5
0.48
0.48
0.42
0.42
0.38
0.52
0.25
0.35
0.32
0.32
0.42
0.38
0.32
0.4
0.55
0.55
0.5
0.4
0.22
0.3
0.3
0.35
0.4
0.35
0.35
0.3
0.3
0.28
0.25
0.25
0.25
0.32
0.3
0.4
0.3
0.1
0.15
0.15
0.08
0.15
0.15
0.28
0.22
0.28
0.4
0.45
0.38
0.42
0.35
0.42
0.5
0.25
0.3
0.32
0.3
0.32
0.55
0.35
0.2
0.1
0.18
0.22
0.42
0.58
0.55
0.48
0.3
0.12
0.22
0.22
0.18
0.18
0.3
0.18
0.25
0.48
0.8
0.65
0.65
0.7
0.32
0.28
0.28
0.22
0.25
0.1
0.08
0.18
0.15
0.28
0.38
0.58
0.45
0.35
0.35
0.25
0.22
0.22
0.22
0.2
0.18
0.18
0.12
0.15
0.02
0.28
0.18
0.2
0.2
0.05
0.15
0.12
0.15
0.15
0.1
0.12
0.28
0.2
0.2
0.2
0.25
0.2
0.2
0.2
0.28
0.28
0.22
0.42
0.48
0.62
0.65
0.72
0.72
0.5
0.48
0.4
0.42
0.32
0.4
0.42
0.48
0.4
0.4
0.35
0.35
0.32
0.25
0.18
0.001
0.15
0.5
0.52
0.52
0.52
0.68
0.7
0.98
1.02
1
0.98
0.98
0.82
0.85
0.72
0.65
0.28
0.25
0.15
0.15
0.1
0.1
0.1
0.02
0.35
0.25
0.08
0.05
0.1
0.18
0.22
0.25
0.18
0.2
0.22
0.12
0.15
0.3
0.35
0.2
0.28
0.32
0.3
0.22
0.18
0.15
0.22
0.48
0.8
0.9
0.75
0.58
0.65
0.75
1.02
0.62
0.88
0.8
0.7
0.72
0.42
0.68
0.75
0.72
0.4
0.3
0.3
0.3
0.3
0.35
0.42
0.52
0.15
0.15
0.1
0.18
0.2
0.22
0.42
0.65
0.85
0.88
0.65
0.7
0.7
0.72
0.7
0.65
0.72
0.68
0.62
0.42
0.38
0.3
0.38
0.38
0.3
0.3
0.22
0.28
0.28
0.2
0.25
0.2
0.15
0.12
0.12
0.12
0.1
0.12
0.1
0.1
0.18
0.3
0.18
0.2
0.15
0.12
0.12
0.02
0.08
0.1
0.22
0.18
0.08
0.1
0.18
0.15
0.22
0.08
0.05
0.12
0.18
0.18
0.2
0.28
0.25
0.3
0.32
0.32
0.3
0.28
0.22
0.28
0.3
0.25
0.22
0.25
0.38
0.35
0.28
0.22
0.4
0.22
0.35
0.25
0.3
0.3
0.3
0.3
0.3
0.25
0.22
0.3
0.3
0.22
0.2
0.18
0.18
0.18
0.2
0.2
0.25
0.2
0.28
0.35
0.4
0.38
0.38
0.42
0.5
0.55
0.6
0.7
0.7
0.72
0.75
0.75
0.88
0.88
1.02
1.1
1.2
1.18
1.3
1.28
1.38
1.42
1.52
1.45
1.35
1.58
1.52
1.5
1.48
1.55
1.55
1.58
1.52
1.45
1.4
1.42
1.3
1.3
1.38
1.35
1.32
1.32
1.45
1.5
1.4
1.4
1.5
1.52
1.7
1.58
1.32
1.32
1.3
1.2
1.08
1
0.82
0.85
0.7
0.82
0.88
0.9
0.9
0.95
0.9
0.9
0.82
0.82
0.75
0.62
0.55
0.48
0.48
0.52
0.38
0.22
0.3
0.32
0.3
0.3
0.38
0.32
0.3
0.25
0.18
0.18
0.001
0.001
0.3
0.42
0.95
0.85
0.88
0.75
0.65
0.52
0.6
0.42
0.42
0.6
0.6
0.5
0.45
0.35
0.32
0.35
0.32
0.2
0.2
0.12
0.05
0.001
0.001
0.001
0.02
0.08
0.08
0.1
0.1
0.2
0.12
0.18
0.18
0.25
0.38
0.35
0.3
0.3
0.32
0.3
0.3
0.2
0.2
0.15
0.001
0.1
0.2
0.15
0.15
0.08
0.12
0.08
0.25
0.45
0.32
0.38
0.22
0.28
0.28
0.35
0.38
0.3
0.28
0.3
0.3
0.22
0.18
0.08
0.08
0.1
0.05
0.12
0.28
0.12
0.18
0.18
0.1
0.18
0.1
0.08
0.02
0.001
0.08
0.12
0.22
0.2
0.2
0.2
0.2
0.2
0.2
0.15
0.15
0.18
0.12
0.1
0.08
0.08
0.1
0.12
0.12
0.1
0.05
0.1
0.12
0.15
0.2
0.22
0.28
0.25
0.3
0.22
0.25
0.25
0.32
0.45
0.35
0.28
0.3
0.45
0.4
0.22
0.1
0.15
0.12
0.02
0.08
0.12
0.1
0.15
0.18
0.15
0.25
0.22
0.3
0.3
0.2
0.22
0.2
0.2
0.2
0.25
0.2
0.2
0.28
0.18
0.15
0.12
0.18
0.15
0.18
0.15
0.18
0.2
0.2
0.22
0.3
0.3
0.3
0.35
0.25
0.22
0.2
0.2
0.18
0.12
0.15
0.12
0.12
0.08
0.18
0.1
0.001
0.001
0.2
0.25
0.55
0.58
0.65
0.68
0.68
0.48
0.38
0.3
0.3
0.2
0.18
0.1
0.12
0.001
0.05
0.1
0.12
0.12
0.1
0.02
0.12
0.001
0.001
0.001
0.02
0.12
0.2
0.18
0.2
0.22
0.22
0.25
0.22
0.2
0.2
0.22
0.25
0.28
0.25
0.18
0.18
0.18
0.08
0.1
0.1
0.18
0.2
0.28
0.25
0.25
0.3
0.22
0.3
0.38
0.45
0.45
0.42
0.42
0.38
0.5
0.52
0.55
0.7
0.68
0.58
0.6
0.62
0.6
0.55
0.5
0.38
0.25
0.32
0.42
0.3
0.4
0.65
0.75
0.82
0.9
0.85
0.88
0.88
0.92
0.95
0.98
0.88
0.85
0.82
0.75
0.72
0.6
0.5
0.55
0.62
0.58
0.52
0.38
0.35
0.32
0.3
0.28
0.3
0.28
0.2
0.2
0.18
0.22
0.2
0.1
0.12
0.1
0.15
0.15
0.08
0.18
0.18
0.12
0.05
0.2
0.22
0.25
0.3
0.3
0.3
0.28
0.3
0.4
0.3
0.4
0.3
0.3
0.2
0.22
0.22
0.2
0.22
0.22
0.25
0.28
0.25
0.12
0.18
0.15
0.1
0.15
0.2
0.22
0.3
0.3
0.3
0.3
0.3
0.2
0.2
0.15
0.15
0.05
0.05
0.02
0.05
0.08
0.1
0.001
0.001
0.02
0.08
0.001
0.05
0.08
0.12
0.15
0.15
0.2
0.22
0.28
0.18
0.1
0.12
0.1
0.08
0.001
0.001
0.001
0.08
0.2
0.02
0.15
0.3
0.18
0.1
0.08
0.3
0.18
0.25
0.28
0.3
0.38
0.4
0.4
0.38
0.3
0.22
0.22
0.25
0.28
0.3
0.1
0.12
0.18
0.05
0.22
0.12
0.22
0.32
0.55
0.62
0.52
0.45
0.32
0.4
0.48
0.4
0.48
0.55
0.78
0.9
0.48
0.4
0.48
0.62
0.65
0.7
0.75
0.52
0.38
0.45
0.4
0.42
0.42
0.48
0.62
0.8
0.85
0.62
0.5
0.42
0.48
0.38
0.32
0.35
0.28
0.25
0.28
0.25
0.22
0.25
0.3
0.32
0.25
0.18
0.15
0.15
0.35
0.35
0.28
0.32
0.4
0.45
0.58
1.02
0.9
0.88
0.82
1.1
1.18
1.12
0.95
0.82
0.7
0.62
0.65
0.58
0.45
0.4
0.25
0.1
0.08
0.2
0.2
0.22
0.3
0.3
0.3
0.4
0.35
0.48
0.35
0.42
0.3
0.15
0.18
0.18
0.28
0.18
0.12
0.2
0.18
0.35
0.15
0.02
0.001
0.02
0.1
0.15
0.15
0.18
0.12
0.18
0.22
0.25
0.25
0.3
0.25
0.18
0.12
0.7
1.12
1.05
0.95
0.85
0.5
0.42
0.58
0.42
0.4
0.22
0.1
0.28
0.3
0.25
0.3
0.38
0.28
0.2
0.28
0.25
0.22
0.15
0.1
0.05
0.2
0.25
0.18
0.12
0.12
0.18
0.15
0.15
0.15
0.05
0.05
0.15
0.22
0.25
0.32
0.18
0.18
0.15
0.15
0.15
0.1
0.1
0.08
0.1
0.1
0.05
0.001
0.001
0.08
0.02
0.1
0.1
0.1
0.12
0.18
0.25
0.25
0.22
0.22
0.25
0.3
0.25
0.3
0.28
0.18
0.12
0.18
0.22
0.35
0.4
0.4
0.48
0.38
0.35
0.28
0.45
0.58
0.52
0.3
0.32
0.28
0.22
0.22
0.22
0.22
0.18
0.15
0.08
0.05
0.1
0.08
0.05
0.1
0.15
0.12
0.12
0.15
0.12
0.22
0.35
0.28
0.35
0.35
0.35
0.38
0.12
0.2
0.2
0.3
0.28
0.3
0.15
0.15
0.12
0.2
0.2
0.25
0.18
0.2
0.2
0.2
0.18
0.2
0.12
0.3
0.28
0.52
0.5
0.4
0.35
0.3
0.3
0.4
0.32
0.18
0.22
0.2
0.18
0.05
0.08
0.08
0.001
0.001
0.001
0.001
0.15
0.12
0.08
0.05
0.1
0.1
0.2
0.2
0.2
0.28
0.25
0.35
0.5
0.58
0.58
0.52
0.55
0.65
0.5
0.35
0.35
0.3
0.4
0.12
0.02
0.05
0.15
0.05
0.08
0.1
0.12
0.2
0.25
0.2
0.18
0.2
0.18
0.2
0.22
0.25
0.2
0.3
0.25
0.42
0.38
0.35
0.4
0.42
0.4
0.5
0.55
0.65
0.65
0.7
0.92
1.18
1.18
1.48
1.52
1.1
0.88
1.02
1.35
1.6
1.72
1.7
1.7
1.68
1.65
1.5
1.5
1.42
1.38
1.28
1.12
0.95
1.18
1.25
1.28
1.1
1.28
1.25
1.28
1.32
1.25
1.1
0.92
1.02
1.02
0.9
0.85
0.9
0.82
0.52
0.68
0.45
0.28
0.12
0.02
0.12
0.08
0.1
0.38
0.28
0.32
0.2
0.4
0.32
0.38
0.62
0.6
0.5
0.42
0.62
0.62
0.3
0.1
0.08
0.05
0.08
0.12
0.1
0.15
0.22
0.25
0.25
0.3
0.25
0.18
0.2
0.18
0.3
0.2
0.18
0.15
0.25
0.3
0.42
0.4
0.4
0.45
0.52
0.45
0.58
0.68
0.75
0.98
0.82
0.92
0.95
0.8
1
1.38
1.4
1.48
1.48
1.5
1.52
1.62
1.55
1.68
1.75
1.68
1.75
1.82
1.72
1.5
1.42
1.28
1.05
1
0.98
0.95
1.08
1.08
1.08
1.05
1.18
1.18
0.95
0.92
0.88
1.08
1.15
1.08
1
1.08
1.2
1.4
1.35
1.38
1.2
1.12
0.85
0.8
0.75
0.8
0.95
0.68
0.38
0.48
0.48
0.5
0.52
0.45
0.48
0.52
0.48
0.4
0.3
0.32
0.22
0.35
0.4
0.5
0.4
0.38
0.3
0.4
0.48
0.72
0.55
0.55
0.45
0.52
0.7
0.82
0.82
0.72
0.75
0.68
0.48
0.55
0.58
0.65
0.65
0.8
0.9
0.8
1.02
1.08
1.02
1.1
1.18
1.3
1.35
1.35
1.15
1.25
1.42
1.58
1.68
1.58
1.95
2.08
2.02
2.3
2.42
2.25
2.15
2.08
1.88
1.85
1.75
1.8
1.92
1.92
2.05
2
2.05
1.95
1.68
1.5
1.2
0.92
0.85
0.88
0.9
0.92
1.18
1.15
1.18
1.1
0.75
1
1.12
1.08
1.22
1.2
1.08
1
0.82
0.68
0.8
0.72
0.9
0.8
1.08
1.38
1.5
1.52
1.52
1.48
1.8
1.78
1.75
1.95
1.78
1.55
1.48
1.48
1.4
1.45
1.28
1.2
1.08
0.9
0.88
0.9
0.95
0.78
0.62
0.6
0.5
0.6
0.55
0.62
0.32
0.5
0.62
0.58
0.5
0.58
0.3
0.25
0.22
0.2
0.18
0.22
0.25
0.25
0.25
0.4
0.38
0.38
0.5
0.45
0.42
0.4
0.4
0.3
0.22
0.2
0.35
0.22
0.18
0.15
0.22
0.22
0.2
0.28
0.15
0.42
0.48
0.42
0.6
0.55
0.48
0.52
0.48
0.55
0.6
0.7
0.78
0.78
0.72
0.82
0.68
1.02
1.02
1.1
1.08
1.02
1.12
1.2
1.48
1.6
1.5
1.48
1.5
1.45
1.55
1.8
1.65
1.6
1.95
2.08
2.12
2.05
2.15
1.95
1.95
2.3
2.75
2.42
2.25
2.05
1.45
0.95
0.75
0.5
0.48
0.58
0.5
0.52
0.52
0.7
0.7
0.72
0.85
0.72
0.68
0.7
0.65
0.68
0.5
0.65
0.68
0.75
0.52
0.45
0.5
0.42
0.62
0.6
0.7
0.75
0.88
0.95
1.18
1.7
1.92
1.98
1.8
1.98
1.82
1.82
1.9
2.22
2.45
2.12
2.28
1.52
0.82
0.6
0.42
0.45
0.5
0.45
0.55
0.55
0.68
0.55
0.52
0.45
0.28
0.4
0.48
0.3
0.22
0.28
0.25
0.15
0.28
0.32
0.35
0.22
0.12
0.18
0.15
0.18
0.3
0.35
0.52
0.7
0.62
0.7
0.72
0.75
0.85
0.78
0.72
0.88
0.95
0.92
1
0.95
0.92
1.05
1.1
1.22
1.2
1.25
1.28
1.45
1.1
1.12
1.05
0.92
0.92
0.82
0.8
0.8
0.85
0.65
0.75
0.75
0.72
0.75
0.72
0.7
0.82
0.72
0.72
0.65
0.65
0.5
0.45
0.4
0.35
0.1
0.001
0.001
0.12
0.15
0.22
0.22
0.22
0.2
0.2
0.22
0.3
0.28
0.18
0.12
0.1
0.18
0.12
0.08
0.05
0.08
0.1
0.1
0.1
0.1
0.12
0.1
0.02
0.1
0.22
0.1
0.12
0.3
0.38
0.25
0.2
0.1
0.1
0.05
0.1
0.05
0.02
0.15
0.32
0.45
0.4
0.3
0.12
0.18
0.15
0.22
0.32
0.22
0.15
0.28
0.35
0.2
0.18
0.18
0.15
0.12
0.08
0.2
0.2
0.2
0.18
0.18
0.18
0.22
0.2
0.25
0.38
0.001
0.001
0.001
0.001
0.001
0.38
0.48
0.5
0.48
0.65
0.62
0.52
0.5
0.35
0.32
0.42
0.38
0.45
0.42
0.4
0.55
0.6
0.48
0.5
0.48
0.58
0.58
0.48
0.52
0.72
0.68
0.62
0.6
0.5
0.55
0.58
0.38
0.38
0.5
0.52
0.42
0.68
0.65
0.6
0.72
0.65
0.72
0.72
0.82
0.9
0.8
0.7
0.72
0.75
0.72
0.78
0.75
0.8
0.85
0.85
