0
0
0
0
0
0.1
0
0
0
0
0
0
0
0.1
0
0
0
0
0
0
0
0.1
0
0
0.1
0
0
0.4
0.2
0.2
3.1
29.5
4.1
10.3
15
76.6
20.5
92.9
26.6
20.4
82.3
36.8
47.6
30.5
18.4
19.7
6.3
8.1
0.6
1.7
0.5
0
0
0
0
0
0
0
0
0
0
0
0
0
0
0
0
0
0
0
0
0
0.1
0
0
0
0
0
0
0
0
0
0
0
0
0
0
0
0
0
0
0
0
0
0
0.2
0
0
0
0.2
0.3
0
4
10.5
27.4
63.8
71.3
16
89.3
107
18.3
129.1
79
18.2
50.5
14
46.3
6.6
8.2
47.8
0.5
2.3
1
0
0
0
0
0
0
0
0
0
0
0.1
0
0.1
0
0
0
0.1
0
0
0.1
0
0
0.1
0
0
0.1
0
0
0
0
0.1
0
0
0
0
0
0.1
0
0
0
0
0
0
0
0
0
0
0
0.4
0.3
0.4
5.1
23.4
15.1
82.4
49.2
24.4
123.4
40.1
53.1
134.2
28.8
50.8
39.5
106.2
81.8
31.5
10.5
29.6
3.8
0.4
1.7
0.1
0
0.3
0.2
0
0.2
0
0.2
0.4
0
0.2
0.7
0.6
0.2
0
0.5
0.3
0
0.2
0
0.4
0.2
0.2
0
0.2
0.4
0
0.3
0
0
0
0
0.3
0
0
0.2
0
0
0.2
0
0.3
0
0.5
0
0
0
0
0.3
0.8
0.2
0.9
31.3
26.1
27.4
77
99.7
58.2
73.2
119
130.4
134
140.5
27.8
84.9
102.1
23.6
22.4
30.7
9.4
2.7
2.3
0.9
0
0.1
0
0.2
0
0
0
0.3
0
0.2
0
0
0.3
0
0
0
0.4
0
0
0.8
0
1.5
0
0
1.8
0
0
1.5
0
0
0
1.3
0
0
0
1.4
0
1
0
0.7
0
0
0
0.7
0
0
0
0.6
0.5
1.5
0.1
36.2
32.1
27.7
93
93.5
72.7
88
126.4
125.7
74
127
128
90.6
47.4
95.2
24.1
23.8
12.7
1.1
3.7
2.1
0
0.4
0
0.4
0
0
0
0.4
0
0
0
0.1
0
0
0.1
0
0
0
0
0
0
0
0
0
0
0
0
0
0
0
0
0
0
0
0
0
0
0
0
0
0
0
0
0
0
0
0.1
0
0.3
0.5
0.5
32
8.3
24.7
99.3
68.8
24.9
134.7
29.4
87.1
35.7
78.3
134.4
27.4
48.6
99
10.4
26.9
15.3
3.9
1.9
1.1
0.3
0
0
0.2
0
0
0.2
0
0
0
0
0.2
0
0.2
0
0
0.1
0
0
0
0.1
0
0
0.2
0
0
0.4
0.3
0
0
0.4
0
0
0
0
0.3
0
0
0.2
0.2
0
0
0.1
0
0
0.1
0
0
0.1
0.7
0.2
29.8
13.7
28.1
64
89.9
62.2
126
73.5
42.5
66.4
108.5
34
79.2
42.2
26.6
14.1
15.6
9.4
2.7
1
3.7
0
0
0.1
0
0
0
0
0.2
0
0.3
0
0
0
0.1
0
0.1
0.1
0
0.2
0
0
0.1
0
0
0.3
0.1
0
0
0.1
0.4
0.2
0
0
0.2
0
0
0
0
0.1
0.1
0
0.2
0
0.2
0
0.3
0.1
0
1.1
0.6
0.2
44.9
27
6.7
117.7
38.1
56.9
102.4
68.7
160.9
139.8
171.1
62.9
51.1
141.4
41.7
9.1
19.5
71.8
6
0.7
5
0.2
0
0
0.2
0
0.3
0.2
0
0.6
0
0.4
0.1
0
0.3
0
0
0.3
0
0
0.2
0
0
0
0
0
0.2
0
0
0.3
0
0.3
0
0
0
0
0
0
0
0.1
0
0
0.1
0
0.1
0
0.1
0
0
0.2
0.4
1.1
26.1
32.2
14.7
96.3
35.8
55
43.6
131.1
66.1
63.2
56.1
134.8
104.6
61.8
42.7
46.2
19.9
6.2
8.9
3.3
0.4
0.2
0.2
0
0
0.4
0.1
0.3
0.1
0
0
0.1
0
0
0
0
0.2
0
0
0
0.3
0
0
0.2
0
0
0
0
0.1
0
0
0
0
0
0
0
0
0
0
0.1
0
0.1
0
0
0
0.1
0
0.1
0
0.1
0.7
1.1
26.5
18
56
60.8
54.7
153.2
188.6
141.8
64.6
59
187.1
93
39.5
76.1
138.7
29.8
8.6
39.9
5.4
2.5
0.7
0
0
0
0
0
0
0
0
0
0
0
0
0
0
0
0
0
0
0
0
0
0
0
0
0
0
0
0
0
0
0
0
0
0
0
0
0
0
0
0
0
0
0
0
0
0
0
0
0.3
0.6
0.3
37.1
8.1
28.9
56.4
20.6
103.7
136.8
65.9
31.3
138.4
37.3
60.3
26.6
41.8
44.6
12.9
10.6
35
1.3
6.1
2.2
0
0
0
0
0
0
0
0
0
0
0
0
0
0
0
0
0
0
0
0
0
0
0
0
0
0
0
0
0
0
0
0
0
0
0
0
0
0
0
0
0
0
0
0.1
0
0
0
0
0.5
0.3
0.3
8.4
7.8
26.9
27.9
22.1
56.1
39.4
53.6
66.2
53
52.9
44.8
28.4
33.5
31.5
26.1
13
12.3
6.5
2.8
1
0
0
0.1
0
0
0
0
0
0
0
0
0
0
0
0
0
0
0
0
0
0.1
0
0
0.1
0.1
0
0
0
0
0
0
0.1
0
0
0
0
0
0
0
0
0
0
0
0
0
0
0
0
0.3
0.4
0.5
5.6
17.7
7.5
11.6
18.3
65.3
17.6
87
43.1
95.1
29.7
17.1
74.1
11.3
18.2
28.7
6.7
7.8
1.3
4.2
2.3
0.1
0
0.1
0
0
0
0.1
0
0
0
0
0
0
0
0
0
0
0
0
0
0
0
0
0
0
0
0
0
0
0
0
0
0
0
0
0
0
0
0
0
0
0
0
0
0.1
0
0.1
0
0.9
1.1
0.4
11.4
10.4
9.3
25.6
29
23.9
39.6
40.7
36.6
97.9
70
52.5
39.6
110.2
81.7
61.3
41.9
27.7
5.5
5.5
10.4
0.2
0.2
0.3
0
0.3
0.2
0.2
0.2
0.2
0.4
0
0.2
0.3
0.1
0
0.3
0
0
0.2
0.2
0
0.3
0
0.2
0.3
0.2
0
0.4
0
0.1
0.3
0.1
0
0.2
0.1
0
0.2
0.1
0.2
0.4
0.2
0.3
0.2
0.5
0.4
0.1
0.2
0.6
0.9
1.5
1
10.6
12.3
39.5
27.1
38.1
133.9
30.2
65.2
180.3
33.1
101.2
47.1
30.4
161.1
42.3
16.2
56
25.8
3.6
11.5
6.9
0.1
0.2
0.5
0
0.1
0.1
0.1
0
0
0
0
0
0
0
0.1
0
0.1
0
0
0
0
0
0
0
0
0
0
0
0
0
0
0
0
0
0
0
0
0
0
0
0
0
0
0.1
0
0
0
0.2
0.7
1.3
1.1
27.4
11.1
26.9
75.3
25.6
36.1
99.9
55.2
63.5
74.6
71.8
62.7
86.9
50
45.1
86.4
20.6
20.9
3.4
14.6
18.1
0
0.4
0.2
0.2
0
0
0
0
0.1
0
0
0.3
0
0.2
0.1
0
0
0.2
0.1
0.4
0
0.2
0
0.3
0.2
0
0.4
0.4
0.3
0
0.2
0.2
0
0.1
0.2
0
0
0.6
0.2
0
0.6
0.1
0.5
0.1
0
0.5
0.1
0
4.2
0.9
2.3
27.9
43.3
83.3
48.1
153
109.9
149.5
54.1
184
154
46.9
187.4
46.5
126
158.2
50.5
80.1
39.6
13.7
7.8
7.2
0
0.5
0.2
0
0.1
0.5
0
0.1
0
0.1
0
0.2
0.1
0
0.5
0
0.5
0.1
0.3
0
0
0
0.3
0
0
0.2
0
0
0.4
0
0
0.3
0
0
0.4
0
0
0.5
0
0
0
0.4
0
0.3
0
0.3
0
0
2.5
0.9
0.9
31.4
51
40.4
116.4
73.3
97.4
70.1
150.9
127.3
102.8
112.3
158.6
140.5
128.7
75.7
54
26.8
62.9
7.8
10.8
5
0.2
0.5
0.1
0
0
0.2
0
0
0.5
0
0
0.6
0.5
0
0
0.4
0
0
0
0
0.3
0
0
0.3
0.4
0
0
0.4
0
0
0.3
0
0
0
0.3
0
0
0.4
0
0.4
0
0
0
0
0.3
0
0
0.2
1.2
1.3
2.6
58.4
26.4
45.2
39.8
78.6
125.7
93
162.2
53.1
87.8
165.6
50.1
135.9
38.1
66.9
22.9
59.9
22.8
3.5
8.3
10.8
0.5
0.3
0
0
0.2
0
0
0.1
0
0
0.1
0
0
0.1
0
0.1
0
0
0
0.1
0
0.1
0
0
0.1
0
0
0
0
0
0
0.2
0
0.2
0
0
0.3
0
0
0.1
0
0
0
0.2
0
0
0
0.2
1.5
2.4
1.3
25.4
13.6
45.3
49.9
99.1
37.2
43.4
55.3
112.9
76
142.2
78.8
79.1
46.1
68.6
38.9
36.2
17.6
5
15.7
8.1
0.1
0.2
0.5
0
0
0
0
0
0
0
0
0.1
0
0.2
0
0.7
0
0
0
0.7
0
0
0
0.9
0
0
0.9
0
0
1.1
0
1
0
0
0.6
0
0
0
0.3
0
0
0.2
0
0.2
0
0.1
0
0.2
1.5
1.8
0.9
12.4
19.6
11.3
34.6
41
45.9
43.3
72.3
66.6
66.4
59
58.1
39.4
48.8
62.8
25.1
23.2
30.7
8.2
6.8
7.2
0.3
0.4
0.6
0
0.2
0.2
0.2
0.1
0.1
0.1
0.1
0.1
0
0
0.2
0
0
0
0
0
0.3
0
0.2
0.1
0
0.1
0.4
0
0.1
0.2
0.2
0.1
0
0
0.2
0
0
0
0.1
0.1
0
0
0.1
0.1
0
0
0
0
2.1
0.9
3.1
28.8
7.8
15.9
58.1
26.1
36
62.2
50.9
39.8
67.4
72
134.7
67.1
45.5
101.2
30.9
26.4
37
6.1
7
9.6
0.5
0.5
0.4
0
0.1
0.3
0
0.1
0
0
0
0
0.1
0
0
0
0
0
0
0.1
0
0.1
0
0
0
0.1
0
0
0.1
0
0
0
0
0
0
0
0
0.1
0
0
0
0
0
0.1
0.1
0
0.2
0
3.4
2.3
0.7
16.5
21.4
9.9
29.4
17.9
37.5
40.4
68.5
44.1
78.4
91.2
47.4
143.2
41.6
96.3
114
38.3
22.8
9.2
6.1
30.9
0.7
1
0.3
0.1
0.1
0
0
0.1
0.2
0
0
0.2
0
0
0.3
0
0
0
0
0
0
0
0
0.1
0
0
0.1
0.2
0
0.1
0
0
0
0
0
0
0
0
0
0
0
0
0
0
0
0
0
0.1
2.2
1.4
4.7
22.8
17.7
73.2
63.9
138.4
39.1
186.5
39.9
119
69.8
213.6
211.2
58.6
43.7
200.6
30.8
139.4
28.4
38.4
9.5
11.5
0.4
0.7
0.7
0
0.1
0
0
0.1
0
0
0.1
0
0
0.1
0
0
0.1
0
0
0
0.1
0
0
0
0
0
0
0
0
0
0.1
0.1
0
0
0
0
0
0.1
0
0
0.1
0
0
0
0
0
0
0.1
2.7
2.5
2.2
42.5
15
18
32.8
52.6
109.3
225.7
46.4
65
74.8
175
60.9
63.6
43
165.8
32.8
28.1
147.7
56.5
7.5
7.6
0.3
1.6
0.4
0
0.1
0.1
0
0
0.2
0
0
0
0
0.1
0
0
0
0.1
0
0
0.1
0.3
0.1
0
0
0.3
0
0
0.3
0
0
0
0
0
0
0
0
0.1
0.1
0
0
0
0
0
0
0
0
0
3.9
1.7
4.2
11.5
25.2
56.2
118
116.8
37.3
128
171.3
45.1
80.4
73.7
73.3
61.4
56.7
43.2
14.1
36.5
63.2
21
4.6
8.9
1.2
0.7
0.3
0.1
0
0.1
0
0
0
0
0
0.1
0
0.1
0
0
0.3
0
0
0
0.4
0.1
0.2
0
0.1
0.1
0.2
0.3
0.3
0
0.2
0.2
0.1
0
0.3
0.3
0.2
0.1
0.3
0.1
0.2
0.1
0.1
0
0
0.5
0
0.1
3
1.7
10.5
18.6
18.5
75.7
131.9
46.8
39.5
144.8
89.7
55.5
108.2
57.6
104.4
78
104.2
50.6
48.2
58.8
44.1
15.1
11.6
13.5
1.2
0.8
1.3
0
0
0.3
0
0
0.2
0
0.2
0
0.3
0
0
0
0
0.2
0
0
0.2
0
0.3
0
0.1
0
0
0.1
0.1
0
0
0.2
0.1
0
0.1
0
0
0.2
0.2
0
0.4
0
0
0.3
0
0
0
0.2
1.4
10.7
2.6
74.9
16.2
14.2
129.2
42.4
50.1
83
73.1
165.9
61.7
174.6
55.5
151.4
52.5
39.7
87.3
21.3
38.5
22.7
13.7
14.4
1.2
0.8
1.8
0
0.2
0
0
0.4
0
0
0
0.1
0
0
0.3
0
0
0.4
0.1
0
0
0.1
0
0
0.1
0
0
0.2
0
0.2
0
0
0.2
0.1
0
0.2
0.1
0.3
0
0
0.1
0.4
0
0
0.2
0.2
0
0.3
2
12.9
4.8
77.7
13.4
44.7
27.7
44.3
77
32.5
154.3
55.1
167.8
53
52.4
60.6
41.2
146.3
34.2
40.8
84.1
12.9
22
21.9
1.6
1.4
1.1
0.1
0.1
0.1
0
0
0.5
0
0.1
0.6
0
0
0.2
0
0.2
0.1
0.2
0.2
0
0
0.1
0
0.1
0
0.1
0
0
0
0
0
0
0
0
0.1
0
0
0
0
0
0
0
0.1
0
0.4
0.2
0
6.3
15.2
2.6
85.4
38.7
33.2
64
48.8
144.6
61.9
96.5
176.9
63.3
179.5
182.6
42.1
153.2
168.2
29.9
91.2
65.3
10.9
24.3
17
0.7
1.8
2.4
0.1
0.1
0.2
0.1
0.1
0.3
0
0.1
0.5
0
0
0.5
0
0.1
0.4
0.1
0
0.4
0
0
0.4
0
0.2
0
0
0
0.2
0
0.1
0
0
0.1
0
0
0.1
0
0
0
0.1
0
0
0.1
0.1
0.1
0.3
4.1
8.9
6.2
69.8
23.7
34.4
42.9
134.1
119.6
51.5
179.3
178.8
194
241.3
53.4
181.3
206.8
46.9
132.9
127.4
30.3
50.5
38.2
10.7
1
2
4.9
0.7
0.1
0
0.6
0
0
0
0
0.7
0
0.1
0.8
0.1
0.6
0
0.3
0.1
0.1
0
0
0
0.1
0.1
0.1
0.1
0.2
0
0.1
0.1
0.3
0.1
0.3
0
0
0.2
0.1
0.1
0.3
0.2
0
0
0.2
0
0.2
0.4
18
13.3
12.5
94.6
59.6
43.1
102.8
83.9
153.4
135.1
96.5
185.9
187.8
94.3
154.5
164
78.4
157.3
104.3
136.2
52.9
24.3
31.2
79
3.1
2.6
2
0.1
0
0
0
0
0.1
0
0
0.1
0
0
0
0
0
0.1
0
0.3
0.1
0
0.3
0
0
0.5
0
0.3
0
0
0
0.2
0
0
0
0.2
0.3
0
0
0
0
0
0.1
0.1
0
0.5
0.4
0.1
29.3
27.6
28.2
144.7
115.4
103.7
200.8
160.7
182.5
192.2
214.7
234.2
193.4
220.3
229.2
193
179.4
166.3
117.9
103.9
125.4
25.6
31.9
47.4
2.9
3.5
3.9
0.2
0
0
0
0
0.2
0
0.1
0
0.1
0.2
0
0
0
0.2
0
0
0.1
0
0
0
0
0
0
0
0
0
0
0
0
0
0
0
0
0
0
0
0
0
0.1
0
0
0.1
0.5
0
3.8
26.1
30
102.8
23
112.3
46.7
167
160.9
192.8
55.5
191.3
72.1
185.9
203.7
65.2
167.5
152.5
109.1
96
40.8
28.3
23.1
36
1.7
3
3
0
0.2
0
0.1
0
0
0
0.1
0
0.1
0
0
0
0
0
0
0
0
0.1
0
0
0
0
0.1
0
0
0
0
0
0
0
0
0
0
0
0
0
0
0
0
0
0
0
0.2
0.1
17.7
33.4
20.4
61.6
111.6
42.6
94.3
83.4
165.1
191.1
96
152.7
187.4
140.8
198.9
146.6
156.6
171.6
81.3
94.3
98.5
30.9
32.7
24.7
2.4
2.9
3.7
0
0
0.1
0
0
0
0
0
0
0
0
0
0
0
0
0
0
0
0
0
0
0
0
0
0
0
0
0.1
0
0
0
0
0
0
0
0
0.2
0
0
0
0
0.2
0
0.1
0.1
32.6
6.3
10
100.8
29.2
40.1
146.5
98.7
54.3
76.4
169.8
92.6
166.1
102.8
86.6
83.1
66.8
138.3
64.7
47.2
87.7
31
20.4
25.1
5.1
2.1
1.6
0
0
0.2
0.1
0
0
0.1
0
0
0
0
0
0
0
0.1
0
0.1
0
0
0
0
0
0
0
0
0
0
0
0
0
0
0
0
0
0
0
0
0
0
0
0
0
0
0.4
0.4
27.3
36
16.5
43.1
104
103.3
71.1
153.3
151.9
177.7
169.4
95.7
173.5
129.7
95.9
91.7
121
145.6
71.9
177.4
95.1
31.3
31.7
64.1
7.7
3.9
3
0
0
0
0
0
0
0
0
0
0
0
0
0
0
0.1
0
0.2
0
0.1
0
0
0
0
0
0
0
0.1
0
0.1
0
0
0
0
0
0
0
0
0
0
0
0
0
0.1
0.6
0.5
14.2
18
39
107.2
153.8
45.5
97.5
156.1
221.6
140.6
239.5
180.6
229.8
177.1
173.7
189.9
150.3
161.5
99.5
79.7
125
46.1
46.5
35.1
4.6
9.5
3.4
0
0
0.1
0
0.1
0
0
0
0
0.1
0
0
0.3
0
0
0
0.3
0
0.2
0
0
0.2
0
0
0
0
0
0
0
0
0
0
0
0
0
0
0
0
0
0
0
0
0.4
0.7
0.1
24.7
49.5
36.3
106
124.6
95.7
176
199.7
158.2
243.5
179.9
199.6
105.3
216.8
195.3
192.5
75.5
166.7
117.7
116
44.9
47.1
26
55.3
3.6
9
4.2
0
0
0
0
0
0
0
0
0
0.1
0
0
0
0
0.1
0
0
0.1
0
0
0.1
0
0
0
0.1
0
0
0
0
0.1
0.1
0
0
0
0
0
0
0
0
0
0
0
0.6
0.9
0.1
43.6
12.9
11.8
114.1
49
40.1
178.9
88.6
79
103.1
206.7
80.1
90.2
147.4
187.6
92.5
147.8
159.3
78.4
85.6
110.8
73.3
41.1
47.1
7.8
12.4
4.9
0.1
0
0
0
0.1
0
0
0
0.1
0
0
0
0.1
0
0
0
0
0
0
0
0
0
0
0.1
0
0.1
0
0
0
0
0
0
0
0
0
0.1
0.5
0
0.1
0
0.5
0
0.8
0.4
0.3
12.8
11.7
12.8
77.4
68.2
31
106.2
130.3
51.5
108.4
91.4
156.6
141.4
176.2
74.8
84.6
63.4
239.1
118
35.5
129.8
38.8
24.9
44.1
9
4.3
6.2
0.3
0
0.2
0
0
0.2
0.2
0.1
0
0.2
0
0
0
0.1
0
0
0
0
0.1
0
0
0
0
0.2
0
0
0
0
0
0
0
0
0.1
0
0.3
0
0
0
0.1
0
0.1
0.1
0.9
0.4
1.1
28
13.7
17.5
93.1
60.6
47.7
76.9
176.7
176.3
79.4
203.8
214.7
223.2
217.3
87.1
205.4
158
85
50
112.6
136
20.7
48.5
63.3
4.2
7.5
7
0.1
0.1
0.1
0
0
0
0
0
0
0.2
0
0
0
0.2
0
0.1
0
0
0
0
0
0
0
0
0
0
0
0
0
0
0
0
0
0
0
0
0
0
0
0
0
0
0.3
0.6
1.2
13.5
12.4
14
72.1
18.4
43.2
78.7
58.1
179
138
113.5
90
143.4
136.5
104.2
86.1
118.9
167.6
52
68.6
107.5
26
51.4
25.1
12.4
7.1
5.6
0.1
0.4
0.1
0
0
0
0
0
0
0
0
0
0
0
0
0
0
0
0
0
0
0
0
0
0
0
0
0
0
0
0
0
0
0
0
0
0
0
0
0
0
0
2.9
0.6
0.5
40.5
5.6
21.4
69.1
82.5
23.2
212.6
144.7
58.6
209.1
247.5
73.2
258
94.3
208.6
174.3
236.1
164.4
176
147.9
126.5
71.2
46.2
114.3
8.7
16.2
18.2
0.1
0.7
0.1
0
0
0
0
0
0
0
0
0
0
0
0
0
0
0
0
0
0
0
0
0
0
0
0
0
0
0
0
0
0
0
0
0
0
0
0
0
0
0
1
1.2
1
55.9
18.5
14.4
49.6
151
26
66.7
83.1
218
251.9
92.6
92.1
255.4
80.2
91.9
226.9
63
100.1
171.8
46.3
47.7
30.2
38.5
89.3
16.5
8.1
8.8
0.6
0.2
0.2
0
0
0
0
0
0
0
0
0
0
0
0
0
0
0
0
0
0
0
0
0
0
0
0
0
0
0.1
0
0.1
0
0
0
0.1
0
0.2
0
0
0
0
1.3
6.1
6.5
80.9
78.9
64.7
155.3
153.6
145.6
220.1
204.4
205.3
231.1
253.1
139.5
224.1
214
254.1
193
225.3
200.1
170
140.3
166.6
67.5
91.8
32.1
7.2
11.8
18.3
0.3
0.3
0.1
0
0
0.1
0
0
0
0
0
0
0
0
0
0
0
0
0
0
0
0
0
0
0
0
0
0
0
0
0
0
0
0
0
0.1
0
0
0
0
0
0
0.7
2.9
1.1
13.9
25.1
13.2
48.9
42.1
61.9
79.2
82.1
62
85.1
112.1
80.3
138.7
88.1
85.1
67.3
127.4
111.9
120.5
92.8
48.2
46.1
32.6
74.2
14.6
9.9
13.9
0.3
0.5
1.9
0
0
0
0
0
0
0
0
0
0
0
0
0
0
0
0
0
0
0
0
0
0
0
0
0
0.1
0
0
0
0
0
0
0
0
0
0
0
0
0
8.5
0.8
4.1
33.2
65
17.7
62.2
50.4
121.5
79.3
162.5
81.9
106.1
148.3
85
83
167.7
90.4
110.6
157
82.7
59.8
73
88.7
45.6
33.5
41.4
9.2
9.3
41.6
0.1
0.4
1.4
0.1
0
0
0
0
0
0
0
0
0
0
0
0.1
0
0
0
0.1
0
0
0.2
0
0
0
0.3
0.1
0
0
0.1
0
0
0
0.1
0
0.1
0
0
0
0
0
1.3
6.3
1.3
19.8
45.5
19.1
124.3
39.6
54.5
60.2
210.2
139.8
130
59.6
224.9
54.2
161.6
125.2
174.7
117.8
66.3
58.8
95.3
78.1
90.6
131.3
41.2
11.1
25
12
0.8
2.4
0.5
0
0.4
0.1
0
0.3
0
0.2
0
0
0.2
0
0
0.2
0
0
0.1
0
0.2
0.4
0.2
0
0.1
0
0.1
0
0.1
0.1
0
0.1
0
0
0
0
0
0
0
0.1
0
0
5
2.9
4.1
45.4
32
67.4
101.4
152.2
104.5
208.4
161.1
162.7
181.9
266.6
220.8
194
235.3
273.3
179.9
149.1
246.4
134.1
140.5
191.1
67.2
105
55.3
13.2
26.8
16.6
0.4
0.3
1.5
0
0
0
0
0
0
0.1
0
0
0.1
0
0
0.2
0
0
0.6
0
0
0.4
0
0
0.7
0
0
0.5
0
0
0.3
0
0
0
0
0
0
0.2
0
0
0.7
0
10.7
2.1
2.9
69.7
21.7
26.7
120.6
50.8
44.7
158
85.8
111.8
193.7
96.4
164.9
222.9
92.8
183.1
103.1
200
165.3
96.3
91
102.4
45
58.6
38.9
12.5
17.3
12.2
0.6
0.4
1.5
0.1
0
0
0
0
0
0
0
0
0
0
0
0
0
0
0
0
0
0
0.1
0
0
0
0
0
0
0
0
0
0
0.1
0
0
0
0
0.2
0
0.1
0
4.4
3
2.4
29.9
32.6
22.7
80.1
79.6
58.6
180.2
74.1
123.3
148.1
262.1
111.1
194.7
153
98.2
199.7
221.2
79.3
187.9
64.3
215.9
29.6
117.8
87.7
29.4
9.9
15
2.6
0.3
0.7
0.1
0
0
0
0
0
0.2
0
0
0
0
0.4
0
0.1
0
0
0
0
0
0.1
0
0.1
0
0
0.1
0
0
0
0.1
0
0
0.1
0
0.1
0
0
0.1
0
0
4.3
15
5.4
36.8
96.4
30.2
59.6
63.4
185
105
248.3
102.4
280.3
135.3
164.3
280.1
108.2
245.6
249.1
141
291.3
292.9
107.5
194.5
224.1
119.3
71.5
28.6
25
17.3
1.3
1
1.7
0
0
0
0.1
0
0
0.2
0
0
0
0
0.2
0
0.1
0
0.4
0
0
0
0.2
0
0
0.2
0
0
0
0.4
0.2
0
0
0.1
0
0
0
0
0
0.1
0.1
0
26.2
6
10.6
72.8
50.1
66.9
175.3
104.5
153.5
214.1
192.8
225.6
206.3
255.9
172.5
157.5
167.4
271.4
150
243.2
123.3
191.5
102
126.8
42.8
114.9
67
32
30
13.3
3.2
2.9
0.7
0
0
0
0
0
0
0
0
0
0
0
0
0
0
0
0
0
0
0
0
0
0
0
0
0
0
0
0
0
0
0
0
0
0
0
0
0
0.1
0
15.7
8.9
16.5
91.9
93.7
38
84.9
168.5
170.4
132.5
234.5
166.3
258.5
133.3
151.3
150.8
271.9
106.1
90.3
115.3
239.6
94.2
93.6
181.8
67.4
99.4
118.5
24.4
35.7
34.4
2.9
2.8
1.9
0
0
0
0
0
0
0
0
0
0
0
0
0
0
0
0
0
0
0
0
0
0
0
0
0
0
0
0
0
0
0
0
0
0
0
0
0.2
0.2
0
16.5
30
16.5
137.8
95.5
88
202.2
177.8
153.4
261.5
233.8
200.8
207.1
264.2
224.3
167.8
265.9
218.3
130.9
237.9
135.5
184.9
133.9
82.3
116.9
84.4
58.9
23.8
32.8
21.9
1.8
3.2
1.4
0
0
0
0
0
0
0
0
0
0
0
0
0
0.1
0
0
0
0
0
0
0.1
0
0
0.1
0.1
0
0
0
0
0
0
0
0
0
0
0
0.2
0
0.1
12.8
16.8
20.3
45.7
59.8
101.7
179.5
165.6
117.8
235.1
265.7
132.3
268.8
166.1
291.1
279.3
269.2
163
248.7
241.8
164.7
189.1
190.3
139
114.7
82.6
121.4
36.8
34.8
26.7
3.5
2.5
2.1
0
0
0
0
0
0
0
0
0
0
0.1
0
0.1
0
0
0
0
0.1
0.1
0
0
0
0
0.1
0
0
0.1
0
0
0.1
0
0
0
0
0
0
0.2
0
0.2
34.1
23.3
7.3
86.1
105.6
19.2
183
183.5
97.2
143.7
230
240.6
128.2
270.4
263.1
269.1
238.7
201.3
240.1
174
166.5
192.4
158.2
88.9
63.6
75.6
124.8
27.1
38.5
20.7
4.3
2.8
2.4
0
0
0
0
0
0
0
0
0
0
0
0
0
0
0
0
0
0
0
0
0
0
0
0
0
0
0
0
0
0
0.1
0
0
0.1
0
0
0
0.5
0.3
15.8
36
24.1
106.8
101.2
178.6
176.9
221.3
171.8
232.7
296.3
212.5
311.3
229.1
257.2
221.9
252.6
297
256.9
195.2
226.4
151.6
182.7
200.7
119.7
125.7
92.7
21.5
37.9
29.6
4.4
3.4
2.6
0
0
0
0
0
0
0
0
0
0
0
0
0
0
0
0
0
0
0
0
0
0
0
0
0
0
0
0
0
0
0
0
0
0
0
0
0
0.4
0.4
30.9
28.3
35.5
103.5
94.4
109.1
164.2
202.3
183.5
200.8
223.2
233.9
216.7
264
262
201.2
165.9
258.6
174.6
155.9
233.7
131.3
176.9
187.2
70.2
126.6
124.2
17.8
24.8
36.6
2
4.5
3.2
0
0
0
0
0
0
0
0
0
0
0
0
0
0
0
0
0
0
0
0
0
0
0
0
0
0
0
0
0
0
0
0
0
0
0
0
0.2
0.2
0.8
9.3
56.5
11.5
34.2
44.4
143.5
104.1
56.1
219.9
101.1
147.7
270.1
180.8
100.5
291.8
192.6
287.3
97.8
122.5
161.8
248.6
122
192.4
73.6
52.1
79.2
121.2
37.8
29.1
20.6
2.7
6.8
4
0.2
0
0.1
0
0.1
0
0
0
0.2
0
0
0
0.2
0
0
0.2
0.1
0
0.2
0
0
0
0
0.2
0
0.2
0
0.2
0
0
0.1
0
0.2
0.1
0
0.3
1.4
0.5
0.6
58.6
22.5
16
54.8
43.5
137.2
102.8
202.5
88.3
247.4
117.3
145.1
150.9
267.4
174.3
160.2
262
195.7
144.5
135.1
234.1
183.9
116.1
127
113.9
80.8
96.4
35.8
27.9
28.8
4.1
4.1
7.4
0
0
0
0
0
0
0
0
0
0
0
0.1
0
0.1
0
0
0.1
0.1
0
0.1
0
0.1
0
0
0
0.1
0
0.2
0
0
0
0.1
0
0
0.5
0
1.1
2
1.4
49.1
51
65.9
97.5
143.5
122
189.3
205.8
181.1
235.7
254.3
216.4
225.2
273.1
254.4
249.6
216.4
257.9
223.8
251.6
195.7
211.8
147.2
177.6
130.7
87.4
111.7
45.1
20.7
28.4
4.5
2.6
7
0
0
0
0
0
0
0
0
0
0
0
0
0
0
0
0
0
0
0
0
0
0
0
0
0
0
0
0
0
0
0
0
0
0
0
0
2.7
0.5
0.5
60.6
14
14.2
45.5
134.4
38.4
198.1
60.1
92
79.3
132.2
242.6
173.3
263.2
100.9
181.6
257.4
103.7
228.8
102.8
135.5
97.2
95.5
179.5
113.5
84.4
85.7
26.9
61.8
29.7
9.7
4.7
4.3
0
0.2
0
0
0
0
0
0
0
0
0
0
0
0
0
0
0
0
0
0.1
0
0
0.1
0
0
0
0
0
0
0
0
0
0.1
0
0
0
1.6
1.2
3.5
35.9
14.1
61.9
94.5
39
134.9
195.5
58.8
191.1
234.6
83.1
197.2
250
198.4
96.1
110.4
240.3
316.6
129.5
334.4
210.4
299.1
108.1
163
100.9
232.3
69.7
35.7
28
98.4
7.9
4.5
13
0
0.1
0.1
0
0
0
0
0
0
0
0
0
0
0.1
0
0
0
0.1
0
0
0.3
0
0.1
0
0
0.1
0
0
0
0.1
0
0
0.1
0
0.1
0
4.7
2.2
0.8
61.6
20.4
73.1
241.5
75.4
132.3
312.8
189.9
118.6
309.6
226
122.2
238.7
186.6
357.4
229.6
160.8
344.5
202
148.6
301.3
162
149.3
244.5
104.9
119.4
165.9
30
68.4
50
13.5
5.3
8.3
0.3
0.1
0.1
0
0
0.1
0
0
0.2
0
0.1
0
0
0
0
0
0
0
0
0
0
0
0
0
0
0
0
0
0
0
0
0
0
0
0
0
1.8
7
0.7
63.4
22.8
21.8
132.4
81.6
50.1
75.9
111.3
190.3
99.9
227
128.8
239.6
146.3
167.4
175.2
230.2
127.1
159.2
205.2
91.6
135
72.9
162.8
105.9
84
49.9
30.5
42.9
22.5
12.8
5.3
4.4
0
0.1
0.3
0
0
0
0
0
0
0
0
0
0
0
0
0
0
0
0
0
0
0
0
0
0
0
0
0
0
0
0
0
0
0
0
0
8.2
1.3
2.2
20
63.1
27.1
137.6
125.7
52.3
178.6
76.7
190.3
208.8
143.1
132.1
222.6
154.4
123.8
149.7
228.9
215.3
187
176
217.6
147.4
126
152
68.6
95.4
97.5
42
32.9
29
11.2
4.9
5
0
0.2
0.3
0
0
0
0
0
0
0.2
0
0
0
0
0
0
0
0
0
0
0
0
0
0
0
0
0
0
0
0
0
0
0
0.1
0
0
0
2.1
6.8
51.4
1.5
17.5
109.8
21.3
57.2
65.7
157.4
89.4
190.1
229.6
124
150.4
150.6
194.7
229.8
191.7
197.5
200.6
160.3
314.7
132.3
266.1
273.2
207.8
168.7
85.1
27.4
63.6
143
10.6
73.5
5.8
19.6
0.1
0.4
0.1
0.7
0
0
0
0.1
0
0
0.1
0
0
0.2
0.1
0
0.2
0.2
0
0
0
0
0
0
0.1
0.1
0
0
0.1
0
0
0
0
0.3
0.1
1.6
0.1
0.3
1.6
2.4
19.4
19.5
24.2
112.6
63.3
57.3
135.2
179.7
99.6
151.5
205.3
131.2
195.1
196.9
182
139.1
148.8
174
186.7
164.1
184.5
135.8
152.8
131.3
90
28.7
86.2
113.5
61.2
5.8
46.1
21
0.1
20.7
0
0.4
1.1
0
0.1
0
0
0
0
0
0.1
0
0
0.2
0
0
0
0.3
0
0
0
0
0.1
0
0
0.1
0
0
0
0.1
0
0.5
0.1
0
0.1
0.8
10.4
5.4
9.1
62.8
72.8
34.2
73.5
141.5
119.4
137.6
166.1
209.6
178.2
195.5
279.7
204.6
349.5
276.8
198.1
339.6
253.3
176.5
210.5
241.4
140.2
191.8
169.4
94.8
106.1
108.2
31.9
56.3
65.1
17.4
6.3
15.7
1
0.2
0.5
0
0.1
0
0
0
0
0
0.1
0
0
0
0.1
0
0.1
0
0
0.1
0
0
0
0
0
0
0
0
0
0
0
0
0
0
0
0
5.9
13.4
2.2
79.3
22.6
28.9
149.9
66
93.3
219
118.7
204.9
199.7
240.5
146.7
241.3
287.4
145.9
152.5
192
394.9
130
134.6
211.9
108
199.6
105.1
77.6
113.8
142.5
41.9
66.3
83.5
14.6
10.6
23
0.4
1.4
1.1
0
0
0
0
0
0
0
0
0
0
0
0
0
0
0
0
0
0
0
0
0
0
0
0
0
0
0
0
0
0
0
0
0
3.7
1.9
5.3
16.2
66.8
43.5
73.8
125.4
39.8
193.3
97.8
112.4
243.3
107.4
161.4
255.6
119.2
197.2
237.4
171.2
251.1
220.8
398.2
163.7
179.7
100.9
187.5
79.1
128.3
100
57.2
53.7
33
25.1
13.5
14.9
0.5
0.8
1.7
0
0
0
0
0
0
0.1
0
0
0.2
0
0
0
0
0.9
0
0
0.7
0.7
0
0
0.4
0
0.1
0
0.9
0
0
0
0.7
0
0
0.7
3
8.7
3.8
33.7
42.8
52.5
92.3
116.5
101.7
174
189.5
136.2
149.8
166.9
175.7
218.8
189.8
168.3
170.1
178
215.1
175.2
175.2
199
118.5
150.6
160
90.4
113.6
113
57.1
54.3
51.2
13
20.8
19.5
1.2
0.9
0.5
0
0
0.1
0
0.1
0
0.1
0
0
0.2
0
0
0
0
0
0
0
0
0
0
0
0
0
0
0
0
0
0.1
0
0
0.2
0.1
0
10
3.5
10.6
24.1
42.5
50.3
87.8
89.7
167.6
177.6
136.8
313.8
274.9
163.8
176
197.9
358.8
205.4
209.9
343.8
177.3
229.9
374.3
205.6
188.3
317.1
164.7
121.9
196.2
124.6
79.3
97.7
65.1
24.3
21
21.7
1.2
1.8
1.4
0.4
0
0
0.8
0
0
0.6
0
0
0
0.7
0.1
0
0.7
0.1
0.7
0
0
0.7
0
0.1
0.7
0
0
0.5
0
0.1
0.8
0.1
0
0.8
0
0.1
17.5
34.7
3.1
75.8
25.1
133.7
158.7
233.7
62.6
219.9
104.5
311.7
290.7
362.8
119.9
318.4
137.3
382.8
145.8
304.2
371.8
250.2
263.4
328.7
368.6
172.3
262.3
296.9
179.5
104.1
49.7
77.9
63.8
25.6
13.1
16.5
0.9
2.2
1.1
0
0
0
0
0
0
0
0
0
0
0
0
0
0
0
0
0
0
0
0
0
0
0
0
0
0
0
0
0
0
0
0
0.1
5
30.3
7.4
36
116.5
29.5
95.7
205.4
69.7
278.4
113.9
164.7
328.2
129.6
228.3
211.6
174.1
345.3
245.3
332.9
192
217.4
240.5
176.7
135.7
157.7
199.9
99.5
108.1
124.4
81.4
68.3
58.2
23.8
32.8
23.9
1.5
2.9
1.6
0
0
0
0
0
0
0
0
0
0
0
0
0
0
0
0.1
0
0.1
0
0
0.1
0
0
0
0
0.1
0
0.1
0
0
0.3
0
0.2
5.8
15.3
15.2
76.8
41.3
69.5
128.2
86.1
129
144.2
202.3
260.3
254.1
348.4
218.8
383.3
274.1
289.8
406.4
307.8
366.2
244.8
326
342.9
269.9
319.7
164.9
122
185
285.9
77.9
168.4
72.7
39.4
16.6
26.1
6.7
1.6
1.7
0.1
0
0
0
0
0
0
0
0
0
0
0
0
0.1
0
0
0
0
0
0
0
0.1
0
0
0
0
0
0
0
0
0.6
0.3
0
3.9
29.5
19
27
107.8
153.4
54.3
251.7
241.8
415.1
100.5
286.4
456.4
118.2
337
189
477.6
392.3
435
384.8
164.3
246.5
159
384.3
112.5
316.2
183.3
123.6
333.1
107.7
125.8
48.6
121.7
28.1
33.5
41.5
3.5
1.8
2.8
0
0
0
0
0.1
0
0
0
0.2
0
0.2
0
0.1
0
0
0
0
0
0
0
0
0
0
0
0
0
0
0
0
0
0.5
0.2
0.4
39.8
17
53.7
177
94.9
79.7
296.7
124.3
174.1
136.8
255.2
397.5
141.5
297.1
461.5
227.4
319.7
396.5
438.5
316.1
257.3
391.6
280.4
231
305.8
181.7
229.3
160.8
232.2
102.2
67.4
49.3
81.3
24.1
14.6
22.3
2.8
2.6
2
0
0
0
0
0
0
0
0
0
0
0
0
0
0
0
0
0
0
0
0
0
0
0
0
0
0
0
0
0
0
0.7
1
0.1
52.4
7.6
37.7
179.3
43.2
108.5
298.1
178.4
86.2
396
232.1
112.4
463.1
117.9
263.9
273.2
128.2
492.3
263.4
483.2
154.2
234.3
445.7
134.9
385.6
120.6
192.6
280.7
99.1
138.2
118.8
74
57.6
31.5
27.1
11.9
5
5.4
1.6
0
0
0
0
0
0
0
0
0
0
0
0
0
0
0
0
0
0
0
0
0
0
0
0
0
0
0
0
0
0
1.1
0.9
0.2
62.9
9.9
30.4
51.5
179.1
88.7
146.3
294.3
133.1
192.9
392
205.2
458.8
209.7
214.7
490.1
207.2
220.3
210
229.1
483.7
181.4
442
219.5
369.6
151.6
151.3
115.1
272
109.5
76.7
120.7
47.1
37.9
10.8
23.9
4
4.8
1.3
0
0
0
0
0
0
0
0
0
0
0
0
0
0
0
0
0
0
0
0
0
0
0
0
0
0
0
0
0
0
0.3
3.3
0.6
17.7
9.3
68.6
50.7
184.1
74.6
294
129.4
135.8
386.1
214.6
155.7
186.3
449.1
198.5
205.6
481.1
250.9
476.9
393.6
200.9
437.3
261.4
183.7
367.1
168.3
154.1
112.3
135.9
271.4
123.8
49.7
108.5
27.7
46.6
12.1
4.9
1.9
4.8
0.2
0
0
0.2
0
0
0
0
0.5
0
0.7
0
0.5
0
0
0
0
0.6
0
0
0.6
0
0.6
0
0
0.6
0
0
0.3
0
2.1
4.3
0.2
113.5
32.8
14.7
54.6
86.9
84.7
114.4
285.5
133.2
226.9
172.2
385.1
459.8
294.8
197.9
469.6
401.5
207.3
410.4
448.7
201.4
380
182.2
380.6
161.9
358.5
272.1
278.8
203.7
124.9
165
128.3
62.8
38.9
28.5
41.9
2.1
8.4
5.1
0
0
0
0
0
0
0
0
0
0
0
0
0
0
0
0
0
0
0
0
0
0
0
0
0
0
0
0.1
0
0
2.1
0.7
1.2
54.8
36.1
20.1
73.5
139.7
242
248.3
134.1
243.5
361.9
309.5
182.1
361.8
303.2
514.7
397.6
253.8
567
399.3
261.6
429.6
395.1
225.7
366.7
343.1
188.5
301.7
275.3
231.7
134.4
73.3
133.4
130.4
33.5
31.3
59.2
9.2
4.2
7.4
0.1
0
0
0
0.1
0
0
0.1
0
0
0
0
0
0
0
0.1
0
0
0.2
0
0
0.2
0
0
0.3
0
0
0.2
0
0
2.4
1.7
1.4
42.2
39.6
41.6
151.3
141.6
113.9
189.3
235.5
209.6
382.4
257.8
287.9
433.1
277.1
259.9
436.3
286.2
282.5
264.7
310.3
463.1
188.1
393.4
215.5
141.4
319.5
182
197.2
150.5
102
138.6
101.9
61.9
36.6
43.6
28.1
6.9
9.9
6
0
0.1
0.3
0
0
0.2
0
0.1
0.1
0
0
0.1
0
0
0.1
0
0
0.1
0
0.1
0
0.1
0
0
0
0
0
0
0
0
1.4
2.3
2.4
46.9
56
47.2
87.3
136.8
128.2
225.7
174.3
181.7
218.8
313.7
300.4
222.8
217.4
355.8
317.7
386
209.9
314.4
382.6
194.3
235.3
345.2
435.5
176.4
277.9
296.6
176.2
78.8
230.2
133.8
124.1
54.2
50.4
47
21.3
10.8
3.7
9.3
0.1
0.7
0.2
0
0
0.2
0.1
0
0.2
0
0
0.1
0
0.1
0
0.2
0
0
0.7
0
0
0
0
1.1
0.1
1.4
0
0
0
1
8.4
2.2
3.1
49.8
35.2
90.1
164.3
135.3
80.6
221.3
243.7
258.7
383.5
297.7
303.6
404.3
353.2
209
384.2
466
282.3
262.3
429.9
386.2
381.6
358.5
269.1
319.6
308.5
207.2
231.8
238.7
121
74.9
140.1
103.5
45.6
30.7
59.8
8.4
11.7
6.4
0.1
0.1
0.1
0
0
0.1
0
0
0
0.1
0.1
0
0.3
0
0
0
0.5
0
0.1
0.3
0
0.1
0.1
0
0.1
0
0.1
0
0
0.1
4.7
2.7
2.7
89.5
24.9
44.6
60.6
174
131.9
232
106.1
261.4
297
197.4
308.6
344.6
337
267
326.9
373.7
346.2
266.6
370.7
332
339.6
232.8
296
205.6
242.7
290.2
176.7
218.5
171.6
134.1
67.7
101
62.6
42.4
38.8
8.7
6.4
11.4
0
0.2
0
0
0
0
0
0
0
0
0
0
0
0
0
0
0
0
0
0
0
0
0
0
0
0
0
0
0
0
6.4
2.7
8.7
37.2
53.6
66.6
77.3
139.8
150
226.3
221.6
146
236.9
286.6
289.4
262.6
333.6
322.7
354.1
334.1
363
346.8
319.9
310.5
317.7
271.5
305.1
254.2
237.7
272.2
195.5
212.3
195
144.2
85.9
107.5
37.9
63.1
35.3
13.4
7.4
7.9
0.1
0.1
0
0
0
0
0
0
0
0
0
0
0
0
0
0
0
0
0
0
0
0
0
0
0
0
0
0
0
0
3.2
5.2
4.5
56.7
43.4
44
143.4
136.1
99.7
220.5
129.4
169.1
282.7
230.3
231.4
323.8
315.7
301.2
344
302.3
348.3
337.4
285.1
240.2
307.1
251.8
243.7
271.5
197
243.5
139.3
220.2
141.5
80
83.3
147.9
66.7
35.2
32.6
13.9
6.5
6.8
0
0.2
0.2
0
0
0
0
0
0
0
0
0
0
0
0
0
0
0
0
0
0
0
0.1
0
0
0
0.1
0
0.1
0
7.1
8.8
2.5
61.6
57.5
57.8
131.6
120.2
139.8
182.1
174.6
238.2
218.6
277.3
252.9
256.1
244.5
282.1
302.9
463.7
251.9
239.5
501.1
269.6
214.4
384.3
276.5
178
356.4
248.4
256.3
207.2
132.1
80.9
108.2
105
36.8
42.9
46.4
9.4
8.4
11.7
0
0.3
0.1
0
0
0
0
0
0
0
0
0
0
0
0
0
0
0
0
0
0
0
0
0
0
0
0
0
0.1
0
6.8
4.5
7.4
25.2
71.3
38
59.1
88.7
164.1
93.4
155.4
253.5
327.1
147.6
185.1
160.7
376.3
194.9
161.8
400.9
262.2
259.2
196.5
395.4
187.9
362.6
213.3
295.6
165.5
235.8
169.9
116.1
151.9
100
76.1
92.3
34.7
65.6
54.7
6.7
13.4
14.7
0.3
0.7
0.1
0
0
0.1
0
0.1
0
0
0.1
0
0
0.2
0
0
0.1
0
0
0
0
0
0
0
0
0
0
0.1
0.1
0
4.6
6.8
4.2
32.9
32.6
86.1
84
103.5
65.5
113.4
164.8
162
141.7
212.7
285.2
123
278.3
329.8
121.3
374
279.7
372.6
266.4
177
181.2
411.7
242.2
365.2
297.7
178.3
265.8
146.4
239.3
159.9
109.4
85.1
47.9
42.1
68.8
12
16.7
12
0.3
0.9
0.3
0
0
0
0
0
0
0
0
0
0
0
0
0
0
0.1
0.1
0
0
0
0.1
0
0
0.1
0
0.1
0.1
0.1
8.5
5.6
6.9
43.9
38.4
37
106.9
60.3
171.1
207.7
152.5
314
258.7
386.5
276.4
300.5
403
337.8
363.7
427.9
305
378.2
265.8
428.3
275.1
340.1
422.9
359.2
301.4
210.5
230
192.8
155.6
204.1
137.6
133.9
62.3
35.3
106.2
11.6
19.4
26.9
1.2
0.3
1
0.7
0
0
0.8
0
0
0.8
0
0
0.8
0
0
0.7
0
0
0.7
0
0
0.6
0
0
0.6
0
0
0.5
0.2
0
7.3
5
6.7
41.3
45.9
34.9
156
98.5
74.1
125.2
131.7
309.4
260.7
188.8
302.4
435.4
247.6
325.7
261.4
345.8
238.6
270.8
319.2
202.4
303.5
274.1
277.2
265.2
268.1
230.7
216.8
199.6
199
147.7
92.2
160.5
55.9
97.4
72.3
11
21.1
18.3
0.6
0.5
1.1
0
0
0
0
0.1
0
0
0
0.2
0
0
0.1
0.1
0
0
0
0.2
0.1
0.2
0
0.1
0
0.2
0.1
0.3
0.2
0.3
8.5
15
8.4
44.4
95
44.7
77.8
220.7
85.6
145.3
324.8
161.9
243.6
404.7
249.9
443.2
362.3
285
338.1
460.4
237.8
271.8
361.4
443.3
404.6
405
304.2
349
330.4
278.5
287.4
257.3
183.1
157.3
114.1
179.6
92.1
70.6
96.2
31
20.1
23.9
0.6
0.8
1.5
0
0
0
0
0
0
0
0
0
0
0
0
0
0
0
0
0
0
0
0
0
0
0
0
0.2
0
0.2
6.3
27.7
24.2
116.9
135.2
59.1
201.7
206.1
204.7
211.5
294.9
261.7
326.5
373.3
326.8
335.5
393.6
426
345.2
352.2
450.1
270.7
440.9
447.8
415.1
203.9
319.6
361.7
362.7
164.9
240.1
293.1
116.9
79.2
195.6
143.1
42.6
105
79.4
34.9
31
13.3
0.7
1.7
0.6
0
0
0
0
0.1
0
0.2
0
0
0
0
0.1
0
0
0
0
0
0.1
0
0.1
0
0
0
0.1
0.2
0.5
0.2
11.2
29.2
8.5
63.1
128.6
41.2
87
145.3
90.1
162.4
139.4
139
201.1
190.1
192.9
234
329
394.9
254.8
311
377.9
303.9
348.7
334.7
338.7
379.1
196
155.8
219.7
436.3
245.7
373.7
107.9
210.1
113.9
236.8
145.6
113.3
51.6
27.6
13.8
57.7
0.7
3.1
1.5
0
0
0.1
0
0
0
0.1
0
0
0
0
0
0
0
0
0
0.1
0
0
0
0.1
0
0
0.2
0.3
0.1
0.6
15.3
10.9
20.4
105.7
107.7
40.4
123.9
216.3
96.4
157.5
243.3
188.5
252
248.9
289.4
297.8
280.6
344.3
344.5
373
337.2
341.2
438.2
369.3
275.1
386.9
404.8
281.5
200.8
320
269.1
164.9
258.9
175.2
114.7
137
100.9
60
84.5
18.3
21.6
35.2
1.2
1
2.7
0.1
0
0
0
0
0
0.1
0
0
0
0
0
0
0
0
0
0
0
0.1
0
0
0
0.1
0
0.6
1
0.3
12.6
45.9
7.2
161.7
35.9
61.1
192.3
66.5
99.1
156
274.1
144.8
191.8
367.5
180.6
453
295.1
214.3
506.7
421.3
207.4
396.4
513.8
190.2
312
483.1
209.9
431.8
327.1
282.4
359.2
255.3
220.9
174.7
262.5
129.7
83.4
151.2
81.9
56.3
24.4
43
1.6
1.3
2.6
0
0
0
0
0
0
0
0
0
0
0
0
0
0
0.1
0
0
0
0
0
0
0
0
0
2.1
0.2
1.5
40.1
41.2
10.4
140.6
129.8
58
248.3
211
108.8
157.9
288.1
344
250.4
350.1
426.4
364.7
384.5
475.7
392.4
493.2
422.3
480.4
379.1
364.8
375.1
438.3
347
297.3
376.4
358.1
239
296.5
295.5
152.9
199.7
218.3
100.2
135.8
68.1
26.3
32.2
31.5
2.4
1.9
4.2
0.1
0
0
0.1
0.1
0
0.1
0
0
0
0.1
0
0.1
0
0
0
0.1
0.2
0.1
0
0.1
0
0.1
0.1
2.6
0.5
1.4
40.8
11.3
41.2
63.9
131.2
109.4
230.4
208.5
103.9
296.8
183.7
319
354.3
389
235.4
378.4
434.7
278.9
309.1
380.3
461
364.3
325
451.4
337.3
413.4
417.9
356.8
299.4
363.4
277.5
309.2
242.8
158.1
189.4
171.2
89.8
95.4
88
29.1
30.7
19.9
2.2
3.5
1.9
0
0
0
0
0
0
0
0
0
0
0
0
0
0
0
0
0
0
0
0
0
0
0
0
1.8
1.3
0.3
31.2
41.3
38.1
109.5
126
109.8
192.2
218.6
197.6
290.7
302.8
283.4
367.3
361.7
351.3
381.4
426.3
414.4
386.2
432.2
479
372.4
417.9
494.5
343
458.8
379.7
406.2
326.3
296.3
236.6
329.2
256.7
232.9
172.3
165
88.6
86
129.1
49.5
28.6
27.6
2.1
1.9
6.2
0
0
0
0
0
0
0
0
0
0
0
0
0
0
0
0
0
0
0
0
0
0
0
0
2.2
0.5
1.2
37.3
32
39.4
113.2
104
125.7
214.7
224.1
169.5
313.1
291.3
232.3
281.8
344.7
388.3
309
378.2
442.3
413.9
471.4
325.3
404.2
473.2
320
295.3
444.9
375.2
245.6
331.3
392
265.7
188.7
320.6
229.1
138.2
178
128.9
73
105.8
46
20.1
36.5
1.4
2.6
5.2
0
0
0
0
0
0
0
0
0
0
0
0
0
0
0
0
0
0
0
0
0
0
0
0
4.2
0.9
2.1
41.1
42.1
43.1
130.4
124.9
109.6
225
159.6
216.4
310.7
301.5
199.9
361
381.8
271.3
430.2
399.8
288.2
409.3
438.7
295.2
443.7
397.7
254.5
368.5
402.9
251.7
301.8
317.4
210.2
257.5
271.9
172
159.1
177.4
120.1
92.7
83.7
60.3
40.8
30.5
23.2
2.7
6.5
3
0
0
0
0
0
0.1
0
0.2
0
0.1
0.2
0
0.2
0.1
0
0.2
0.1
0
0.2
0
0
0.2
0.1
0
7.4
1.1
2.4
56
19.6
20.2
179.2
85
42
251.1
165.9
83.7
304.1
281
120.1
162.2
329.9
246.8
265.9
214.2
360
296.8
249.3
394.5
379.1
211.8
394.6
226
370.6
271.2
323.4
221.4
236
195.4
257.1
191.3
105.1
177.6
194.5
57.6
94.5
127.7
20.5
31.6
60.3
2.8
4.9
2.3
0
0.1
0
0
0
0
0
0
0
0
0
0
0
0
0
0
0
0
0
0
0
0
0
0
1.5
3.5
2
47.8
23.5
21.5
65.7
173.3
124.7
143
205.9
202.6
366.2
273
228.3
331.1
228.4
465.9
236.1
513.5
377.6
287.2
396.1
462
295.1
385
453.6
486.4
346
366.2
291.8
349
314.4
246.6
230.6
246
169.3
150.7
194.6
88.4
101.5
78.5
40.8
32.6
33.5
4.2
3.9
7.2
0
0
0.1
0
0
0
0
0
0
0
0.1
0
0
0
0.1
0
0
0
0
0.1
0
0
0
0
1.8
2.5
4.5
24.6
49
25.2
124.6
73.7
61.6
135.1
204.3
194.2
257.3
302.5
262.1
323.2
383.7
280.2
401.7
424.4
433.9
430.9
493.3
473.4
432.4
488.4
355.1
378.9
272.4
492.8
311.7
298.9
358.8
279.2
264
253.4
215.8
159.2
164.8
68.4
113.8
72.3
52.4
31.1
44.3
3.6
3.5
7.5
0.2
0.1
0
0
0
0
0.2
0
0
0.1
0
0
0
0
0.1
0
0.2
0
0
0
0
0
0
0.2
3.3
5
2.9
80.8
24.3
48.9
78.8
118.1
117
148.4
230
192.1
262.1
228
258.2
320
330.7
349.8
414.2
360.4
404.8
259
378.4
416.3
244.9
375
452.8
352.6
393.6
301.5
306.1
305.3
336.4
178.6
243
245.2
117.2
170.3
159.5
85.2
81.6
78.5
33.6
32.5
37.5
6.1
4.8
5.3
0.1
0.1
0
0
0
0
0
0.1
0
0.1
0
0
0.1
0
0
0
0
0
0
0
0
0
0
0
3.5
3.7
2.3
28.8
35.4
34.7
84.5
71.6
68.1
125.6
174.3
173.1
206.8
224.9
292.9
286.6
253.2
320.1
223.3
279.7
329.2
320.1
260.3
350.5
393.5
318.8
329.1
265.9
332.9
309.8
188.9
325.9
301.3
231.4
148.4
330.1
162.7
100.4
160.2
49.5
116.2
88
29.7
36.7
48.5
4.4
4.5
10.6
0.1
0
0.4
0
0
0.2
0
0
0.2
0
0
0.1
0.2
0
0
0
0
0.2
0
0.2
0
0.1
0.2
0
4.8
6.8
2.5
28.1
47.8
37.3
71.2
89.2
120.8
142.8
120.7
188.5
320
226.6
197.6
307.8
411.5
289.7
324.2
336.5
344.6
361
390.2
295.1
339.2
357.5
340.4
310.5
298.4
217.8
207.4
171.3
320
156.9
183.6
296.5
134.7
98.1
129
88.4
50.2
124.3
40.1
20.9
59.6
5.3
3.7
13.3
0
0.4
0.1
0
0.1
0
0
0
0.1
0
0
0.2
0
0.4
0
0.3
0
0
0
0.3
0
0.3
0.1
0
4.4
6
6.3
71.2
30.4
24.8
77.6
75.6
156.7
139.7
244.7
124.9
246.8
308.3
200.6
365.6
245.6
345.2
275.7
450.6
429.5
321.9
421.8
302.4
298.5
229
422.1
275.5
272.9
318.5
283.3
211.2
185.8
175.4
312.3
120.8
123.7
307.4
78.5
34.1
72.5
143.3
17.8
75.9
33.4
11.6
2.9
6.7
0.1
0.1
0.4
0
0.1
0
0
0.2
0
0.1
0
0
0
0
0
0
0
0
0
0
0.3
0.1
0
0.1
4.6
3.9
4.7
50.6
17.3
29.4
51.4
71.3
189.1
108.1
97.7
266.7
313
153.4
140
210.4
181.9
359.5
374.9
230.2
435.1
257.4
256.4
465.9
257.2
343.4
289.5
280.7
379.2
259.1
214
231.9
288.6
150.8
243.9
187.9
89
146.5
162.4
106.7
84.5
67
39.7
41.8
33.5
10.2
5.2
7
0.1
0.2
0.3
0
0
0.1
0
0.1
0
0.1
0
0
0.1
0
0
0
0
0
0.1
0.1
0
0.2
0
0.3
11.5
8.4
2.8
32.1
44.7
24
65.5
86.3
126.6
146.6
115.4
170.9
193.6
188.2
199.7
307.4
327.5
280.2
381.6
308.4
308.6
327.6
385.6
279
339.6
322.8
406.2
334.8
258.3
448
235.2
427.7
227.9
180.3
302.4
221.9
129.8
218.1
143.1
103.9
71.4
111.8
31.2
46.1
78.3
22.7
7.2
6.2
0.4
0.2
0.2
0
0
0
0.1
0
0
0
0
0
0
0.1
0
0
0.1
0
0
0
0
0.1
0
0.3
6.7
9.7
11.2
29.9
73.3
79.5
53.6
187.2
178.1
138.3
236.7
284.6
231.3
303
381.7
294.5
357
460.2
355.2
509.3
265.4
362.2
528.5
387.9
521.3
385.7
399.6
371.3
347.4
488.4
318
357.8
431.9
260.7
264.3
355.4
205.9
164.6
261.8
125
103.3
161.1
38.5
72.6
75.6
7.6
15.2
21.7
0.4
0.1
0.3
0
0
0
0
0
0
0
0
0
0
0.1
0
0
0
0
0
0
0
0.3
0
0.2
8.6
10.2
7.4
49.4
35
74.3
166.9
84.6
72.2
262.5
120.1
147.9
145.2
348.6
246.9
236.3
209.5
418.4
267
376.3
464.2
241.3
383.5
485.8
479.9
313.8
242.4
445.7
307.5
261.2
394.2
340.9
232.1
271.2
88.6
326.6
99.2
196.5
241.4
149.7
79.1
161.9
58.3
28.2
70.9
9.2
8.2
20.8
0.3
0.2
0.8
0
0
0
0
0
0
0
0
0
0.1
0
0
0.1
0
0
0
0
0
0.2
0.1
0.2
12.1
7.9
7.7
59.4
41.2
58.4
130.4
182.9
78.6
229.1
123.5
208.1
169.4
298.7
242.4
230.9
399.7
284.7
412.1
381.5
292.9
262.1
360.7
413.9
421.5
407.9
373.6
463
390
384.6
306.8
216.2
349
245.9
221.6
147.2
165.9
136.8
113.5
94
98.6
70.8
42.8
38.9
53.5
9.4
13.6
6.4
0.7
0.5
0.3
0
0.1
0
0
0.1
0
0.1
0
0
0.1
0
0
0
0
0.1
0
0.1
0
0.8
0.3
0.1
3.5
7.8
18.2
14.3
31.8
96.6
54
67.2
162
95.3
231
114.2
319.2
152.2
143.4
142.9
399.8
236.6
221
388.6
182.5
185.7
430.4
219.2
193.9
414.9
273
395.4
249.5
153.9
177.3
244.7
328.4
203.7
258.4
162.9
125.3
143.9
105.5
74.4
69.2
85.9
34.7
39.8
37.5
10.2
11.3
10.8
0.8
0.3
0.5
0
0
0
0
0
0
0
0
0
0
0
0
0
0
0
0
0
0
0.4
0.5
0.3
8.8
19.9
10.8
35.5
38.4
93.5
88.2
101.3
172.3
254.9
141.4
143.4
178.5
323.3
266
266
358.1
332.2
335.7
425.7
393.3
328.5
429.2
432.7
397.9
277.1
365.8
330.9
241.1
367
283.8
183.6
323.7
167.3
261.8
215.4
116.1
194.4
157.3
87.1
125.7
66
50.1
31.1
60.9
7.1
12
15.5
0.5
0.5
0.3
0
0
0
0
0
0
0
0
0
0
0
0
0
0
0
0
0
0
0
0.6
0.4
10
8.7
8.6
31
33.1
40.9
111.7
67.2
68.1
159
133.1
177.7
226.2
254.2
218.7
300.6
333.8
234.4
333.6
256
341.8
323.6
304.7
370.2
302.3
283.3
384.4
362.7
281.2
454
248.1
227.2
263.7
194.3
131.2
221.4
103
129.7
161.6
77.1
67.8
172.9
44.5
27.4
103.3
9
18
20.6
0.8
0.7
0.7
0
0
0
0
0
0
0
0
0
0
0
0
0
0
0
0
0
0
0
0.6
0.8
11.6
8.6
26.8
44.8
35.4
106.7
93
53.7
213.9
140.5
72.7
320.7
200.5
116.1
407.9
259.7
158
483.9
299.9
249.3
536.7
339.8
249.4
556.2
344.3
230.2
501.2
386.3
327
140.9
111.8
458.9
281.6
101.9
397
214.4
88.3
226
140.3
168.6
78
63.8
35.2
70.1
24
10.5
9.5
13.5
0.9
0.5
1.4
0
0
0.3
0
0
0.4
0
0.1
0
0
0
0
0
0
0
0
0
0
0.5
0.2
0.7
12.2
7.8
11.2
48.6
59.9
26.6
120.8
67.2
98.4
175.8
153.7
181.9
229.7
182.8
213.8
266
299.5
262.7
440.9
280.8
328.7
549.5
283.2
349.3
267.8
334.7
449.9
264.2
509.6
188.3
354.4
159.4
278.7
282
185.2
115.4
207.6
160
89.8
51.3
103.8
93
56.1
27.4
37.2
18.4
9.8
13.4
0.7
1
1.1
0
0.1
0
0
0
0
0
0
0
0
0
0
0
0
0
0
0
0
0.7
0.2
1.2
14.2
15.8
12.9
43.5
34.7
48.3
105
64
92.4
154
106.2
190.3
203.9
153.1
285.5
182
335.3
225.5
432.5
208.8
277.4
251.6
393.1
202.7
212.9
414.2
189.1
206.1
450.2
153.4
209.6
299.2
145.6
338.5
118.5
195
200.6
83
291.3
94.9
132.4
48.3
47.8
93.1
40.5
14.6
11.3
20.4
1
1.2
1.7
0
0.3
0
0.3
0
0
0
0
0.3
0.1
0
0
0
0
0.5
0
0.3
0
1.1
0.2
1
5.3
31.3
17.3
106.6
90.9
23.5
115.8
44.1
193
181.1
283.6
75.1
264.7
351.4
115.6
147.6
405.8
407.6
354.7
194.2
440.9
464.6
216
448.7
430.3
393.7
203.1
391.4
187.6
365.9
192.3
346.6
258.3
202.9
283.7
162.9
164.2
211.2
108.7
117.3
75.5
123.3
62.2
43.8
61.1
14
16.1
19.8
1.5
0.9
1.7
0
0
0
0
0.1
0
0
0
0
0
0
0
0
0
0
0
0.3
0
2
1.3
0.4
17.3
15.7
7.7
47.7
41.4
38.2
142.9
91.1
90.9
235.3
153.3
164.2
269.6
185.7
194.4
253.8
216.5
270.6
301.8
356
315.4
420.3
419.6
262.3
403
292
206
218.4
188.3
318.2
172.8
142.3
316
144.1
138.5
200.2
171.9
104.2
105.7
74.3
162.8
83
36.9
51.5
50.7
16
15.9
14.5
1.9
1.2
2
0
0.2
0
0
0.2
0
0.1
0
0
0.1
0
0
0
0.1
0
0
0.9
0
2.8
1.1
0.5
7.4
18
37.5
42.7
106.5
37.4
72.3
82.6
184
149.4
116
254.1
329
264.3
147.7
185.6
255.75
325.9
164.6
418
291.3
474.1
153.7
313.9
501.9
307
173.7
260.5
514.4
203.8
257.2
448.8
227.6
132.5
368.9
188.1
111.3
312.4
122.4
47.9
184.5
61
83.9
40.8
20
12.7
28.7
7.4
1.1
1.3
3.1
0
0
0
0
0
0
0
0
0
0.1
0
0
0
0
0
0
0.1
0
0.9
2.3
0.6
16.8
8.5
35.5
29
98.3
64.8
107.6
84.4
160.5
164
184.5
209.4
295.9
305.4
284.6
378.3
377.2
374.1
306.8
331.8
427.8
443.3
412.8
318.7
386.5
347.4
295.6
282.1
302.5
409.4
253.5
371.5
273
236.1
181.6
182.9
172
167.8
144.1
91.8
90.9
101.3
72
38.9
37.8
14.7
30.7
11.8
2.5
4.5
1.7
0
0
0.3
0
0.2
0
0.7
0
0
0
0
0.8
0
0
0.1
0.1
0
0
2.4
0.7
0.8
18.6
12.7
30.3
46.5
93.7
62.4
126.2
86.6
139.5
163.8
122.5
227.3
203.1
183.1
262.6
211.5
230.9
289.8
225.8
274.5
160
307.3
251.5
159.4
185.3
304.7
264.7
280.8
221.8
152.8
364.1
163.7
130.4
252.3
170.8
119
123.3
97.5
131.3
80.4
67.4
75.1
59.8
45
29.9
14.6
17.7
12.6
1.3
2.1
1.9
0
0.1
0
0
0
0
0
0
0
0
0.1
0
0
0
0
0
0
0
1.3
0.5
3.1
17.5
10.6
38.6
53.4
96.2
49
182.4
127.9
85.8
117.9
145.4
263.4
165.9
295.5
130.1
151
332.3
125.3
130.4
155.2
370.3
237.7
148.1
353.3
279.1
176.2
352.4
318.4
249.1
182.9
272.1
162
131.4
130.8
225.6
139.5
121.3
168.7
116.3
94.4
103.5
81.6
52.1
26.9
53.1
16.5
12.4
13.9
1.6
2.4
1
0
0
0
0
0
0
0
0
0
0
0
0
0
0
0
0
0
0
2.1
1.2
1.2
17.6
24.5
16.1
58.7
68
47.4
116.1
76.4
120.2
240.3
95.2
175.2
176.1
224.4
139.8
268.4
255.4
205.1
424.4
264.5
268
445.7
271.3
252.7
417.3
265.7
287.5
422.2
243.7
263.3
200.6
275.8
399
140
305.1
183.7
198.1
93.9
149.2
95.2
66.9
125.7
35.1
57.4
80.1
9.9
44.6
33.2
6.4
1.6
6.2
0.2
0
0.2
0
0
0
0
0
0
0
0
0
0
0
0
0
0.1
0
1.5
2.2
2.2
18.3
19.8
15.8
66.6
57.5
58.4
101.5
106.4
112.3
144.4
167.8
155.2
186.1
208.8
240.1
289.1
210
305.2
377.3
361.5
222.3
410.3
225.2
421.4
218.6
319.8
350.7
330.4
201.9
362.8
176.7
337.4
275.2
146
257.7
220.6
162.2
198.9
111.9
141.6
133.2
71.8
75.4
114.9
38.4
26.1
16.3
32.1
1.4
5.9
5.8
0.2
0
0.2
0.2
0
0.1
0.4
0
0.1
0.4
0
0.1
0
0.2
0.4
0.3
0.2
0
2.6
2.3
2.8
28.7
18.7
22.5
84.3
78.2
23.8
171.2
63.7
150.8
173.1
253.4
111.7
276.8
121.6
198.9
110.1
267.3
336.5
447.7
119.7
303.5
82
328.6
429.1
292.4
422.2
69.6
281.4
389.9
101.6
360
97.1
288.5
92.1
245.8
328.8
191.8
165.5
60.3
155.8
37.5
130.2
90.1
40.1
69.3
31.3
34
18.4
5.8
7.3
3.4
0.3
0.2
0.1
0
0
0
0
0
0.1
0
0
0
0
0
0
0.1
0.2
0
5.6
1.7
4.4
67.4
36.9
27.8
78.3
75.5
167.1
145.2
241.6
101.2
233.9
237.7
161.8
283.4
292.5
238.1
334.6
358.8
279.2
387.8
340.5
334.9
412.7
272.2
334.6
230.7
420
340.8
285.2
195.2
400.9
354.4
191.6
306
270.4
211.2
181
202.2
101.5
130
81.2
76.7
105.5
118.6
45.3
45.9
35.7
15.8
30.4
7.1
2.7
6.2
0.4
0.1
0
0
0
0
0.2
0
0
0
0
0.2
0
0.2
0
0
0
0.2
2.8
2.7
2.2
43.1
19.5
29.8
87.7
40.7
74.1
62.4
121.9
159.3
165.3
145.8
81.8
177
210.9
201.2
282.7
222.7
240.3
394.4
225.6
175.1
157.9
395.6
222.6
264.1
178.9
216.8
291.5
152.9
201.5
176.9
224.7
153.9
147.9
186.2
218.6
153.5
114.1
185.8
95.4
74.9
77
43.1
42.4
57.9
18.9
29.2
22.2
1.9
5.7
5.6
0.2
0.2
0.1
0.1
0
0
0
0.1
0
0
0
0
0
0.1
0
0.1
0
0
1.5
2.5
3.7
22.6
27
11.6
69.5
54.7
36
136.6
72.5
90.3
224.5
125.9
107.4
155.2
304.5
172.4
346.2
162.9
192
351.6
219
137.3
322
137.2
279
125.6
314.3
278.7
336.8
268
133.5
299
202
92.7
178.1
191.3
121.7
169.9
104.3
198.8
141.9
126.5
73.8
51.2
70.5
47
19.3
46.5
24.9
5.6
3.9
3.1
0.2
0.3
0.1
0
0
0
0
0
0
0
0
0
0
0
0
0
0
0.1
2.2
3.4
3.4
47.4
14.6
24.4
54.5
45.2
144.4
177.5
70.5
159.5
107.4
228.6
204.2
175.5
208.5
139.7
268.9
225.5
194.3
163.1
517.3
258.3
226.7
138.4
522.1
279.7
512
205.3
379.4
367.7
170.6
119.9
304
272.9
208.9
60.8
264.4
156.7
197.2
49.4
136.4
126.5
38
23.4
76.9
105.2
34.9
34.3
7.6
6.7
9.3
1.2
0.4
0.4
0.1
0
0
0
0
0
0
0
0
0
0
0
0
0.1
0.1
0
3.4
2.9
2.1
13.9
18.1
25.3
60.7
71.1
40.9
137.6
100.4
72.1
240.3
78.2
170
296.7
193.4
110.3
235.2
95.9
291.1
318.4
385.2
168.8
267.5
468.4
188.7
143.1
255.3
520.1
309.7
199.1
441.4
186.8
126.3
277.1
325.2
113.2
145.5
220.2
87.6
120.5
66.7
98.1
77.9
48.1
44.5
43.8
24.9
22.7
19.2
4.5
6
2.9
0.3
0.2
0.3
0
0
0
0
0
0
0
0
0
0
0
0
0.2
0
0.1
1.8
6.6
4
34.2
21.3
33.2
51.6
69.1
49.1
107.5
76
103.6
147
132.7
131.3
178.7
164.5
185.2
292.7
232.4
276
363.5
340.4
284.5
323.7
361.5
468.9
514.2
407.9
298.9
544.1
358.9
273.1
355.3
292.9
245.8
222.6
198.4
203.2
181.4
155.9
220.5
127
166.6
73
161
38.9
98.5
41.7
14.8
47.8
3.4
7.9
7.6
0
0.5
0.2
0
0
0
0
0
0
0
0
0
0
0.1
0
0
0.1
0.3
3.2
5.1
6
47.8
41.8
36.7
89.2
51.7
87.4
132.7
121.2
130.4
179.7
189.7
239.3
207.4
263.2
380.1
272.2
296.4
254.6
379.7
287
315.1
412.4
325.9
424.4
400.8
398.1
367.8
442.1
295.3
466.6
382.4
400.5
278.7
302.5
274.1
293.2
236.2
226.2
246.8
132.6
187.1
176.4
115.1
116.2
75.2
47.9
33.4
38.8
9.8
9.2
4.6
0.7
0.2
0.6
0
0
0
0
0
0
0
0
0
0
0
0.1
0.3
0.2
0
8.2
4.3
5.3
54.1
23.7
26.5
117.9
60.4
75
209.7
119.7
113.8
186.9
192.7
279.7
262.1
352.7
182.6
244.1
375.8
408.9
426.7
283.6
434
360
242.3
439.4
211.5
347.3
445.6
196.5
369.6
428.1
426.5
385.4
193.2
332.8
186.4
325
196.2
117.3
165.4
73.3
37.8
87.9
21.8
64.2
16.2
6.5
0.8
0.2
0
0
0
0
0
0
0
0
0.3
0.4
5.8
4
46
20.3
147.3
45.6
113.6
160.1
225.8
344.6
373.5
353
388.5
500.5
473
317.4
434.3
453.8
277.6
434.2
281.8
452.1
337.4
528
345.3
443.3
253.6
247.4
190.5
100.8
82.8
47.2
26.6
39.4
8.1
13.4
0.4
1
0.1
0
0
0
0
0
0
0
0.5
0.2
6.7
6.9
32.9
55.9
76.5
144
248.9
110
207.1
325.8
309.6
350
407.1
433.8
421.9
437.7
577.4
337.9
515.7
221.6
278.8
481.4
299.5
465.5
293.1
181.4
264
139.5
109
147.3
80.5
78.6
24
33.2
7.5
6.6
0.3
1
0
0.1
0.2
0
0
0
0
0
0.3
0.3
5.8
5.7
19
24.7
63.1
45.4
79.9
141.9
233.3
134
187.7
297.4
323
228.4
238.8
435.6
524
221.3
223.4
496.6
242.3
470.2
346
186.7
219.8
185.6
187.1
174
148.7
171.3
92.7
118
43.3
44.1
15
8.1
1.4
0.8
0.1
0
0
0.1
0
0
0
0
0.9
0.3
5.9
13.4
46.3
62.2
141
124.9
221.9
184.2
254.3
350.9
301.5
403.6
360.1
276.3
426.9
299.4
301.8
398.2
316.6
459.9
368.4
306.9
228.2
302.7
228
102.3
158.3
218.8
189.3
95.2
50.4
153.2
25
84
16.1
8.9
0.9
0.7
0
0
0
0
0
0
0.1
0
1.2
0.4
5.7
17.7
94.5
40
182.5
112.3
199
283.3
266.3
371.6
306.3
364
391.8
300.1
322.1
466.8
365.6
336.6
366.8
307.5
420.4
196.2
257
313.4
369.6
181.5
331.4
179.1
145.6
122.2
78.4
103.5
43.3
27
11.7
7.1
0.7
0.9
0.1
0.1
0
0.1
0
0
0
0
0.6
0.5
10.8
9.4
34.8
32.9
70.6
69.6
104.4
131.5
157.6
184.9
199.2
395
428.5
303
388.9
485
439.2
404
360.5
427.7
348.7
337.9
373.5
277.6
211.6
206.4
154.2
127.2
78.8
103.6
36.1
60
26.4
22.4
6.8
17.8
0.7
1.9
0
0.1
0
0
0.5
0
0.1
0
0.2
0.5
9.4
13
63.3
36.8
164.9
81.7
193.3
139.1
182.8
296.8
363.9
203.4
404.5
273
442.8
289
300.4
395.9
399.1
313.1
381.9
284.1
266
379.1
236.3
294.1
257.7
171.2
130.7
107.7
61.5
111.5
31
49.8
11.2
8.2
1.6
0.7
0
0.1
0
0.3
0.1
0
0.1
0
0.7
0.4
5.2
8.6
23.2
36.6
82.4
51.3
79.8
169.5
286.3
117.3
239.6
371.7
339.6
220
265.4
420.2
432.3
331.9
273
333.9
258.7
270.3
307.2
245.1
191.8
219.9
185.2
199.8
122.6
142.7
75.9
159.2
90.2
40
11.5
22.7
1.4
1.1
0.1
0
0
0.1
0.2
0
0.1
0
0.5
0.4
31.4
6.8
29.1
78.8
58.2
135
219.1
101.2
300
180.4
200.1
378.8
311.1
449.9
462.4
387.7
454.9
423.1
356.3
422.4
337.8
386.6
342
336
282.4
266.4
148
219.5
116.1
153.2
93.6
70.6
38.4
48
9.7
10.1
0.9
1.2
0.1
0
0
0.1
0.1
0
0
0.1
0.6
0.7
10.8
6.3
31.5
50.1
104.1
122.9
161.5
174.7
233.8
217.3
270.2
270.9
309.7
298.1
349.7
313
311.7
327.6
333
302
304.7
278
378.4
245.1
206.1
308.8
251.2
162.7
79.7
113.7
48.2
67.5
30.1
29.3
11.7
6.1
1.6
0.6
0
0
0
0
0
0
0
0
0.5
0.7
8
7.7
36.4
35.3
73.4
102.9
111.7
177.7
247.9
149.1
186
312.8
362.9
207.7
380.1
218.7
392.3
228.6
230.1
389.5
367.2
169.3
100.8
332.5
82.1
285.4
229.2
62.2
164.9
78.2
44.7
103.5
24.2
55.7
4.8
16.9
0.7
1.8
0
0
0
0
0.1
0
0
0
0.4
0.3
7.9
3
15.3
41.3
29.4
90.3
146.5
67.7
203.6
112.3
146.5
249.5
160.1
281.9
169.1
304.5
316.7
174.8
312.1
169.6
157.2
293.6
264.1
142.1
128.3
224.8
179.7
104.7
73.7
128.8
37.5
82.6
45
18.7
7.4
6.6
0.6
1.1
0
0.1
0.7
0
0.5
0
0.1
0
0.4
0.6
2.4
4.8
15
7.8
29
19
21.4
80.8
100
54.5
88.4
177.4
231.6
118.6
103.3
245.9
254.1
107.9
109.2
249.6
234.4
73.1
72.6
210
179.7
68.4
48.3
142.1
101
26.2
61.5
9.3
33.5
4.5
2.1
10.6
0.4
1.4
0
0.1
0
0.2
0.2
0
0.1
0
0.4
0.2
3.6
1.8
9.6
3.4
8.3
19.5
44
14
27.4
26.7
92.2
44.6
55.4
86.3
65.2
131.7
181.7
51.4
196.3
55.8
50.1
191.7
51.2
169.3
41
151.6
23.6
115.2
26.5
82.6
25.4
53.4
13.2
32.7
12.1
3.5
0.9
0.2
0.2
0
0
0.2
0.2
0
0
0.1
0.5
0.2
5
2.9
17.8
18.2
31.4
57.4
100.4
37.9
55.3
163.6
82.9
53.2
48
113.9
77.1
105.3
76.2
124.6
132.5
77.9
119.8
91.5
93.7
68.3
80.3
31.9
12.9
76.2
11.7
42.2
14.2
25.2
19.4
11.1
3.8
4.5
0.7
0.6
0.1
0
0
0
0
0
0.1
0
0.2
1.1
6.5
2.7
22.8
11.8
78.7
25.9
111.3
82.8
106.5
99.4
196.9
129.9
204.7
142.2
154.6
144.9
148.3
209.2
153.5
206.5
140.6
125
117.2
105.4
117.9
97.1
66.5
88.8
25.5
54.7
12.8
42
4.8
24
8.7
1.2
1.1
0.1
0
0
0
0
0
0
0
0
0.2
0.9
4.9
8.4
22
31.6
42.5
31.9
43.6
67.1
90.4
47.3
108.7
32
106.7
48.2
47
102.6
115.4
43.7
119
40.5
97.2
36.9
42.9
50.7
45.2
40
48.3
51
41.1
30.2
18.1
21.4
10.4
5.2
4.3
2.4
0.4
1
0.1
0.1
0
0
0
0
0
0
0.2
0.1
2.9
1.7
25.5
4.8
12.6
46.6
34.3
16.8
63.9
20.3
21
68.9
117.1
24.6
27.3
97.8
148
40.3
68.8
145.7
93.2
48.4
39.8
61.4
55.9
40.9
13.5
38.7
7.7
28.5
15.9
8.9
10.5
4.2
4
1.6
0.8
0.2
0.1
0.2
0.1
0
0
0
0
0
0
0.4
3.6
2.8
17.4
9.2
38.4
9.3
19.6
60.7
80.8
27.4
99.4
36.3
75.7
115.4
73.7
126.3
131.8
77.2
119.5
80.5
85.1
74.3
60.3
115.3
72.4
29.4
60.5
11.5
7.3
64.7
4.7
25.1
18.1
1.4
6.9
0.4
0
0.7
0
0
0
0
0.1
0
0
0.2
0.4
0.2
3.5
1
5.2
15.6
33.4
6.8
10.3
53.2
73.5
31.8
45.1
92.3
48.8
106.6
116.8
50.4
120.6
43.4
106
39.6
42.6
29.8
30.2
67.1
57.4
35.1
30.2
24.2
27.1
24.8
13.2
33.6
10
7.5
4.3
1.1
0.4
0.2
0
0
0
0
0.1
0
0
0.3
0.1
0.5
0.7
0.9
1.7
3.1
8.7
5.2
18
11.7
20.3
29.9
30
28.5
30.7
73.1
46.6
66.5
64
50.9
58.9
96.7
50.3
65.9
53.5
29.1
49.6
24.8
35.2
26.7
31.9
27.6
22.4
30.6
8.5
6.2
6.2
5.5
1.9
0.8
0.2
0.1
0
0
0.1
0
0.1
0.1
0.5
1.2
6.5
7
18.4
12
30.4
17.2
86.7
22.1
23.9
177.7
158
38.3
141.2
43.1
116.6
53.2
61.4
109.4
93.8
82.3
57.9
74.8
85
46.6
55.1
83.9
36.7
41.5
28
34
17.8
28.2
6.4
16.5
4.6
3.7
0.6
1.2
0.3
0
0.3
0
0
0.3
0
0.3
0.5
0.4
3.6
5.5
19.2
12.1
36.4
18.5
38.1
51.2
73
46.8
75
51
89.2
101.9
116.6
71.4
53.4
120.4
121.8
34.9
34
119.8
111.6
30.4
37.5
60
47
32.3
18.6
49.4
10.6
29.8
20.1
6.4
8.4
1.7
1.1
0.5
0
0.1
0.2
0
0
0.2
0
0.3
0.2
0.5
2.6
2.9
10.4
6.3
17.5
11.7
31.8
15.5
29.6
45.3
79.2
57.9
100.8
52.7
74.7
79.9
64.2
107
114.6
88.7
110.4
73.7
40
104.7
24.7
91.9
73.2
25.9
53.5
34.8
11.3
33.8
6.4
19.4
7.7
3
1.3
0.6
0.1
0.2
0.1
0
0.1
0
0
0
0.9
0.6
5.1
2.5
6.6
16.2
28.1
11.9
19.9
43.8
56.7
27.5
34.5
70.7
75.7
17.3
54.7
21.9
23.9
44.8
29.1
82.6
32.2
93.6
36.5
71.5
73.6
36.8
25.2
23.8
16.2
37.5
9
22
14.7
3.9
2.9
4.5
0.4
0.4
0
0
0
0
0
0
0
0
0.3
0.3
4.5
4.6
15.9
5.6
29.6
18.4
44.3
15
57.5
14.6
70.2
19.8
79.3
25.7
84.9
30.9
29.4
97.1
98
35.9
29
91
35
66.9
19.5
55.2
22.6
19.9
15.1
10.8
5.6
10.9
3
5.9
1.4
1.1
0.3
0.4
0.3
0
0.3
0
0.3
0
0.2
0
0.4
0.1
0.7
1.5
5.2
1.9
5.2
12.5
11.7
20.1
22.7
34.1
44.3
28.4
49
31.8
31.8
59.7
23.6
72.9
83.7
25.7
79.1
22.5
22.6
19.3
15.6
9.3
17.5
10.5
9.5
12.4
8.6
12.7
8.6
4.1
1.4
3.9
1
0.2
0.2
0
0
0.1
0
0.2
0.1
0
0.2
0
2
0.2
7.3
0.7
33.9
1.2
49.8
2.4
61.2
8.2
13.7
70.8
16.4
85
92.4
21
33.8
101.2
91.3
40
24.4
91.2
87.3
27.4
15.7
75.6
52.5
16.2
9.1
25.9
11.7
5.8
3.4
8.9
5.9
1.5
0.2
0.7
0
0.1
0
0.1
0
0
0
0
0.1
0.3
1.1
4.9
9.9
6.5
14.5
8.5
20.4
15.3
18.4
17.3
33.8
26
55.4
33.5
46.4
60.4
42.7
47
41.2
49
23.2
40.4
18.3
27.4
36.6
13
42
20
16.8
32.1
7.3
20.6
2.7
15.2
1
5.6
0.2
1
0
0.1
0
0
0
0
0
0
0.1
0.3
3.7
0.7
1.4
10.7
21.3
5.9
18.3
30.5
33.8
41.7
32
75
88.9
19.9
35.4
95
79.7
24.9
21.1
87.3
79
25.5
68.6
23.6
44.3
20.4
16.7
36
21
52
35.2
14.7
17.1
6.8
4
3.3
0.7
0.5
0.1
0
0
0.1
0
0
0
0
0.1
0.2
1.3
2.1
3.1
6.4
5.4
13.3
19.7
10.4
15.9
25.8
20.3
20.6
19.4
25.6
27.3
28.7
31.5
23.7
30.2
40.7
27.5
32.1
26.8
30.8
17.2
30.8
14.9
18.8
12.2
11.5
10.6
8.6
4.3
7.3
1.4
2
0.6
0.3
0.3
0
0.2
0
0
0.2
0
0.3
0.2
0.6
1.9
1.1
3.7
2.7
7.2
5.1
7.9
11.2
13.3
20.9
22.2
31.9
33.9
39
54.1
39.1
47.7
51.6
38.4
47.3
41.9
44.5
38.4
39.7
30.6
29.1
35.9
17.5
42.5
12.8
8.3
21.1
8.4
3.1
5
0.8
0.4
0.9
0.3
0.2
0.2
0.2
0.1
0.2
0.2
0.2
0.3
0.4
1.1
1
3.5
2.5
6
7.4
9.3
13.7
25.2
18.4
42.7
27.1
47.1
47.1
35.9
54.7
40.7
54.3
51.4
47.6
41.6
51.1
31.2
45.1
48
31
23.5
26.1
18.1
19.1
13.6
11.7
5.8
7
1.8
2.4
0.7
0.9
0.4
0.2
0.4
0.1
0.2
0.1
0.1
0.1
0.5
0.3
0.8
5.5
2.7
8.3
7.7
21
33.6
12.2
14
55
31.2
66.9
69.8
76.1
84.3
47.9
43.4
69.1
42
69.2
42.8
32.2
38.9
31
23.1
34.1
28.1
21.4
25.5
27.7
11.4
17.4
6.8
5.9
2.7
3.8
0.6
0.8
0.1
0.3
0.2
0.1
0.3
0
0
0.2
0.4
0.3
1.2
4
13.2
3.9
11.7
23.2
41.4
14.7
22.8
53.1
61.5
43.6
54.9
76
84.3
40.3
35.8
82.3
73.8
36.6
66.3
48.4
20.2
64.3
14.9
26.7
11.6
22.8
12.8
29.3
17.4
8.6
6.8
8.7
3.5
2
1
0.7
0.2
0.4
0.1
0.1
0.1
0
0.1
0.1
0.3
0.2
1.4
1.3
4.4
4.1
10.9
19.1
27.7
39.7
47.8
36.4
56.6
38.7
25.2
56.9
19.7
64.6
49.3
21.8
74.9
26.6
33.3
87.8
23.4
55.7
12.8
50.2
10.2
52.2
50
5.7
4.4
19.9
2.2
9.2
1.3
3
0.5
0.2
0.1
0.1
0.1
0
0
0
0.1
0
0.1
0.2
0.5
1.8
3.6
2.4
5.1
3.5
8.8
6.8
11.1
7.1
14.3
12.6
16.7
16
28.7
21.1
30.9
33.2
29
28.2
30.8
26.3
24.8
17.2
22.7
22.2
23.2
13.8
15.7
9.8
10.6
6.5
2.1
9.1
3.8
1.1
0.8
0.3
0
0
0
0
0
0
0
0
0.1
0.2
0.6
1.8
5.7
2.2
13.3
3.6
7.7
15.6
14
29.4
48.5
30
71
30
29.2
54.6
49.2
28.9
38.4
37.3
31.9
39.1
39.9
24.7
22.1
28.3
20.7
18.6
12.7
9.9
8.4
6.7
5.3
5
2
2.5
0.2
0.4
0
0
0
0
0
0
0
0
0.1
0.2
1.5
0.8
2.1
5.6
5.6
9.8
13.1
15.3
16
20.1
24.9
19.9
32.1
29.6
40.6
27.4
37
43.5
49.4
45
38.2
36.6
32
33.4
24.6
28.5
20.3
20.9
16.8
10.2
4.8
10.6
2.5
7.2
2.7
1
0.8
0.1
0
0.4
0.1
0.2
0.4
0
0.5
0
0.2
0.9
2.3
1.4
6.1
4.4
7.5
23.5
35.2
12.4
18.8
29.1
34.2
25.8
40.5
43.7
27.2
59.7
68.9
29.8
27.2
74.1
63.9
57.5
37.8
27.4
19.3
28.6
19.1
31.7
18.2
18.9
10.1
8.7
5.2
4.6
4.2
1.7
1.2
0.3
0.1
0
0
0.2
0.1
0
0
0
0
0.1
0.9
1
5.8
2.2
8.1
3.8
7.5
13
22
17.7
64.1
17.7
76.1
24.6
68.6
27.2
89
56
84.1
58.8
72.6
44.1
35.3
43.6
31.8
26.8
16.5
39.2
9.6
28.7
5.9
26.2
2.9
16.3
6.5
1.4
0.2
0.5
0
0
0
0
0
0
0
0
0
0.1
2.3
0.5
1.8
11.3
5
23.2
36.4
8.6
20.5
50.1
62.1
37.3
73
38.5
48.3
81.4
44.1
87.2
89.9
32.7
88
25.8
19.9
83
19.1
69.8
13.9
57.8
12.5
42.9
9.6
27.9
16.6
4.5
1.1
6.9
0.5
0.2
0
0.1
0.1
0
0.1
0
0
0.1
0
0.3
0.9
1.9
2.9
11.2
9.9
22.9
16.2
36.4
50.6
17.5
27.3
63.1
30.4
74
82.1
35.9
45.7
87.5
44.9
88.6
36.8
81.5
77.3
27.6
69.4
18.6
10.5
59.1
12.4
40.9
7.3
23.5
3.6
15.3
1.7
6.8
1
0.8
0.4
0
0.2
0
0
0.1
0
0.1
0.2
0.1
1.1
1.9
6.9
4.1
12.4
21.7
42.5
32.4
57.7
27.2
60.8
54.5
79
54.1
84.9
56.2
82.1
90.4
82.4
62.4
67.7
79.4
71.6
79.7
51.5
49.8
52.1
44.1
25.8
37.8
26
21.9
11.9
10.7
3.8
3.4
0.5
0.8
0.2
0.1
0.1
1
1.3
0
0.2
0
0.1
0.1
2.5
1.6
10.8
8.7
22.2
14.8
31.4
33.8
43.4
44.2
55.3
55.5
67.2
65.8
74.9
77
79
79.6
82.3
83.8
80.5
84.4
76.9
51.8
65.9
54.4
42.3
52.8
11.3
35.5
18.3
9
10.1
6.9
3.2
3.2
0.9
0.6
0.1
0
0
0
0
0
0
0
0.2
0.1
2
2.7
12.2
10.3
21.9
26.6
34.9
41.3
55.1
47
67
56.1
77.1
67.5
80
76.4
84.9
82.9
85.5
74.9
56.3
83.6
40.3
81.1
40
71.8
59.3
20.8
14.2
42.5
25.4
11
12
8.4
3.4
1.9
0.7
0.3
0.3
0.1
0.1
0.1
0
0.1
0.1
0
0.2
0
1.8
1.6
16.7
9.7
23.3
23.9
24.6
39.9
56.1
29.5
26.3
67.4
29.2
65.2
34.6
45.6
38.8
49.3
53.2
29.4
39.7
20
14.4
39.1
20.1
36.8
26.2
35.8
32.6
17
6.2
18.5
3.4
9.3
1.2
1.5
0.5
0.2
0.1
0.2
0.1
0.2
0.1
0.2
0.1
0.1
0.1
0.1
0.9
0.4
4.6
1
7.1
2.1
12.2
3.6
13.4
4.4
18.7
8.6
18.5
5.8
23.4
4.6
21
5.2
20.2
5.4
5
17.2
7.2
14.5
5.5
10.3
8.4
4.8
5.7
3
2.7
3.6
2.1
1.6
0.5
0.9
0.2
0.1
0
0.1
0
0
0
0
0
0
0.1
0
1.4
1
1.3
6.7
1.6
11.5
17.2
4.7
40.2
8.8
44.5
15.8
17.7
41.7
15.3
17.1
18.8
10.4
23.8
11.4
12.4
55
20
7.9
19.6
8.5
45.7
11.6
8.4
19.3
8.2
6.1
10.9
3
2.5
1
0.7
0.1
0.1
0
0.1
0
0.1
0
0.1
0
0.2
0.1
1
0.3
5.5
1.2
4.7
10.4
7.1
14.9
10.6
24.6
24.6
22.6
33.5
26.9
29.6
50.2
26.5
44.1
37.4
29.8
58.7
36.5
19.7
57.4
23.7
57.6
44.1
22.1
27.5
20.1
19.7
11.4
11.2
4.1
1.8
1.6
0.2
0.4
0
0.1
0
0.1
0
0.1
0.1
0
0.1
0.1
2.5
0.8
11.2
2.5
3.1
18.7
32.9
4
49.5
10.1
59.9
19.9
35.6
63.3
54.7
38.6
35
45.3
48.8
43.6
39.9
27.6
12.9
18.4
9.3
11.8
7
10
16.7
5.9
8.5
8.3
5.5
4.6
3
2.2
0.3
1
0
0.6
0.7
0.1
0.6
0.2
0.1
0.5
0.4
0.3
0.7
1.5
9.4
7.1
22.1
20.2
36.3
43.5
54.2
50.3
34.6
64.1
72.9
35.7
76.3
51.7
79.9
47.3
79.2
72.9
90.5
79
82.1
76.7
65.4
67.2
52.8
50.8
36.7
31
16
21
11.5
7.7
3.3
2.1
0.2
0.5
0.1
0
0
0.1
0
0.1
0
0
0.1
0
1.3
0.9
7.9
3.3
18.2
19.2
31.5
39
38.5
54
54.2
66.6
64.5
48.9
73.9
16.9
77.9
14.6
73.6
12.4
65.5
7.7
6.8
57.3
9.1
38.5
7.4
28.5
17
5
2.7
3.2
2.6
1.5
0.8
0.8
0.4
0.1
0.4
0
0
0.2
0
0.2
0.1
0
0.1
0
0.5
0.4
4.1
1.6
6.4
12.1
13.2
11.9
15.5
21.8
21.1
37.4
26.2
59.6
30.7
31.3
31.1
18.8
30.8
20
10.4
15.6
19.1
8.7
10.4
13.5
9.3
12.9
3.9
11.9
4.6
2.8
2.2
3.6
0.7
1
0.1
0.1
0.1
0
0.1
0
0.1
0
0.1
0
0.2
0
1
0.3
2.5
2
12.1
5.8
13.4
17.5
17.1
27.1
20.1
34
46.5
25.8
43.3
39.7
56.1
46.7
75.4
45.5
49.9
92.6
51.3
87.6
70.1
30.8
55.9
24.9
30.6
41.2
15.6
23.8
8.2
11
3.3
3.7
0.6
0.5
0
0.2
0.2
0.1
0.2
0
0.1
0.1
0.1
0.1
2.2
0.6
14.2
2.5
24.8
7
20.3
31.4
40.6
28.2
44.7
40.3
51.7
53.9
22.6
63.4
46.9
31
33.7
53.6
28.6
33.5
35.6
21.3
27.9
17.2
24.1
14.7
14.1
29.1
20.1
17.1
3.8
8.7
2.6
2.6
0.5
0.5
0.3
0.3
0.3
0.3
0.2
0.2
0.2
0.2
0.1
0.4
0.6
1.3
0.8
5.7
3.4
17.6
10.9
35.4
31.2
39.1
55.5
64.1
59.9
67.2
78.5
60.8
73.2
70
70.9
40.6
27.7
33.5
35.5
18.9
23.8
24.8
14.1
51.7
36.4
8.8
5.2
19.9
2.6
14.3
0.8
5.5
0.3
0.2
0.1
0
0.1
0
0.1
0
0.1
0
0.1
0
0.8
0.2
1.9
6.4
2.5
19.1
4.6
33.4
7.6
45.2
8.6
56.4
10.9
66.4
10.9
78.6
9.1
81.6
9
82.2
82.3
8
9.9
70.5
8.3
50.5
42.3
6.5
32.1
5
3
27.8
1.6
9.4
2.9
0.3
0.1
0.5
0
0.1
0
0
0
0
0
0
0
0
0.3
0.8
6.1
1.4
3.8
17.2
30
9.4
10.2
41.5
15.2
51.9
62.8
18
21.8
71
24.6
77.4
25.1
80.9
79.9
20.7
16.1
75.7
14.6
65.9
9.6
54.6
9.4
41.2
4.7
25.1
14.1
1.7
0.4
4.4
0.1
0.4
0.1
0.1
0
0
0
0
0
0.2
0.1
0
1
0.5
4.9
6.5
18.3
10.3
11.5
31.5
14.5
41.3
52.9
23.7
64.6
16.9
13.5
74.4
21.8
79.8
83.2
20.1
20.4
69.5
26.2
71.8
33.6
56
56.2
16.9
5.4
42.5
14.5
25.8
3
14.5
4.3
0.7
0.1
0.3
0
0
0
0
0.1
0
0
0
0
0
0.3
0.6
4.1
5.3
17
9.2
30.3
33.4
49
46.3
56.1
54.3
66.6
66.5
73.4
73.4
79.1
79.1
84
84
82.5
82.5
78.8
78.8
68.8
68.8
57.3
57.3
41
41
23.5
23.5
13.5
13.5
2.6
2.6
0.4
0.4
0.1
0.1
0.1
0.1
0
0
0
0
0
0
0.5
0.5
7.2
7.2
21.3
21.3
37.1
37.1
53.3
53.3
67.4
67.4
78.7
78.7
86.6
86.6
90.4
90.4
91.2
91.2
88.3
88.3
84.5
84.5
74.7
74.7
61.7
61.7
44.7
44.7
18.6
18.6
11.9
11.9
1.7
1.7
0.3
0.3
0.1
0.1
0.1
0.1
0.1
0.1
0.1
0.1
0.1
0.1
0.7
0.7
3.7
3.7
11.3
11.3
16.8
16.8
27.6
27.6
33.2
33.2
33.4
33.4
36.7
36.7
26.7
26.7
20.1
20.1
16.1
16.1
14.9
14.9
14.2
14.2
12.1
12.1
9.4
9.4
5.8
5.8
1.6
1.6
0.7
0.7
0.1
0.1
0
0
0
0
0
0
0
0
0
0
0.3
0.3
1.5
1.5
6.6
6.6
9.7
9.7
16.7
16.7
28.8
28.8
23.6
23.6
16.8
16.8
14.4
14.4
15.9
15.9
11.8
11.8
12.9
12.9
10.1
10.1
6.8
6.8
5.7
5.7
2.8
2.8
1.4
1.4
0.4
0.4
0.1
0.1
0
0
0
0
0
0
0
0
0
0
0.2
0.2
1.4
1.4
6.2
6.2
8.4
8.4
10.1
10.1
13.1
13.1
23.8
23.8
22.9
22.9
13.8
13.8
13.1
13.1
13.1
13.1
21
21
13.9
13.9
12
12
8.9
8.9
5.6
5.6
1.6
1.6
0.2
0.2
0
0
0
0
0
0
0
0
0
0
0
0
0.1
0.1
1
1
3.7
3.7
5.9
5.9
10.7
10.7
17.8
17.8
20.8
20.8
10.2
10.2
15.9
15.9
14.9
14.9
21.9
21.9
20.9
20.9
13.7
13.7
5.1
5.1
8.4
8.4
4.4
4.4
2.2
2.2
0.6
0.6
0
0
0
0
0
0
0
0
0
0
0
0
0
0
0.6
0.6
3
3
9
9
12.5
12.5
16.5
16.5
17
17
26.2
26.2
47.1
47.1
42.1
42.1
29.5
29.5
28.6
28.6
17.8
17.8
21.9
21.9
14.1
14.1
11
11
9.6
9.6
2.8
2.8
0.3
0.3
0.3
0.3
0.3
0.3
0.1
0.1
0.1
0.1
0
0
0.3
0.3
2.1
2.1
8.7
8.7
19.3
19.3
14.3
14.3
21.9
21.9
20.1
20.1
16.8
16.8
18.4
18.4
17.6
17.6
24.6
24.6
40.3
40.3
48.6
48.6
16.8
16.8
7.4
7.4
10.9
10.9
5.5
5.5
1.2
1.2
0
0
0
0
0
0
0
0
0
0
0
0
0.1
0.1
1.4
1.4
3.6
3.6
9.7
9.7
17.3
17.3
23.4
23.4
25.4
25.4
33.6
33.6
26.1
26.1
20.6
20.6
21.3
21.3
23.2
23.2
26.8
26.8
27
27
15.9
15.9
6.9
6.9
4.9
4.9
2
2
0.1
0.1
0
0
0
0
0
0
0
0
0
0
0.3
0.3
1.6
1.6
9.8
9.8
28.5
28.5
27.2
27.2
32.8
32.8
41.7
41.7
46.1
46.1
69.8
69.8
52.2
52.2
29.5
29.5
18.3
18.3
19
19
37.7
37.7
40.2
40.2
11
11
8.9
8.9
2.1
2.1
0.1
0.1
0
0
0
0
0
0
0
0
0
0
0
0
3.2
3.2
9.8
9.8
19.3
19.3
29.5
29.5
42.9
42.9
54.2
54.2
64.6
64.6
72.1
72.1
77.2
77.2
75.9
75.9
73.8
73.8
62.4
62.4
48.7
48.7
29.9
29.9
22.5
22.5
12.9
12.9
1.2
1.2
0.3
0.3
0.2
0.2
0.2
0.2
0.2
0.2
0.2
0.2
0.2
0.2
0.6
0.6
2.1
2.1
6.6
6.6
29.6
29.6
29.4
29.4
46.2
46.2
39.9
39.9
43.4
43.4
67.3
67.3
45.3
45.3
27.4
27.4
22.1
22.1
16.1
16.1
8.5
8.5
7.8
7.8
6.9
6.9
4
4
0.7
0.7
0.2
0.2
0.2
0.2
0.1
0.1
0.1
0.1
0.1
0.1
0.1
0.1
0.1
0.1
0.7
0.7
2.3
2.3
4.8
4.8
6.1
6.1
7.9
7.9
10.6
10.6
9.5
9.5
9.8
9.8
8.9
8.9
6.7
6.7
7.9
7.9
6.7
6.7
4.9
4.9
3
3
2.5
2.5
1.4
1.4
0.2
0.2
0
0
0
0
0
0
0
0
0
0
0
0
0
0
1.2
1.2
3.9
3.9
5.6
5.6
6.4
6.4
8.4
8.4
10.6
10.6
15
15
32.7
32.7
23.5
23.5
31.5
31.5
29.5
29.5
18.3
18.3
11.4
11.4
14.9
14.9
12.3
12.3
6.8
6.8
0.7
0.7
0
0
0
0
0
0
0
0
0
0
0
0
0.1
0.1
1.5
1.5
9.4
9.4
32
32
34.2
34.2
47.5
47.5
37.6
37.6
52
52
51
51
41.8
41.8
41.6
41.6
26.9
26.9
22.9
22.9
20.2
20.2
12.5
12.5
7.3
7.3
3.1
3.1
0.5
0.5
0.1
0.1
0.1
0.1
0.1
0.1
0.1
0.1
0.1
0.1
0.1
0.1
0.2
0.2
1.3
1.3
8.9
8.9
11.6
11.6
14.1
14.1
19.9
19.9
26.7
26.7
35.9
35.9
32.7
32.7
25
25
21.8
21.8
15.6
15.6
21.1
21.1
17.3
17.3
13.8
13.8
7.1
7.1
2.3
2.3
0.5
0.5
0.1
0.1
0
0
0.1
0.1
0
0
0.1
0.1
0
0
0
0
0.9
0.9
2.2
2.2
3.5
3.5
9.1
9.1
11.3
11.3
25.6
25.6
41.4
41.4
42.2
42.2
47.2
47.2
34.1
34.1
22.1
22.1
12.2
12.2
8.2
8.2
9.9
9.9
10.7
10.7
3.6
3.6
0.6
0.6
0.3
0.3
0.7
0.7
0.7
0.7
0.5
0.5
0.5
0.5
0.3
0.3
0.3
0.3
0.7
0.7
3.7
3.7
6
6
17.1
17.1
23.3
23.3
25.8
25.8
35.2
35.2
33.3
33.3
27.1
27.1
36.9
36.9
27.4
27.4
18.2
18.2
43.1
43.1
33.1
33.1
6
6
1.9
1.9
0.6
0.6
0
0
0.1
0.1
0.1
0.1
0.1
0.1
0
0
0
0
0
0
1.2
1.2
6.9
6.9
26.3
26.3
33.6
33.6
34.7
34.7
49
49
66.6
66.6
29.6
29.6
39.8
39.8
52
52
32
32
19.9
19.9
25.1
25.1
13.9
13.9
7.5
7.5
2.3
2.3
0.3
0.3
0.1
0.1
0
0
0
0
0.1
0.1
0.1
0.1
0.1
0.1
0
0
1.2
1.2
8.7
8.7
22.2
22.2
22.4
22.4
46.2
46.2
56.3
56.3
43.8
43.8
49.3
49.3
42.4
42.4
31.6
31.6
20.4
20.4
22.2
22.2
30.6
30.6
34.2
34.2
14.9
14.9
4.7
4.7
0.4
0.4
0
0
0
0
0
0
0
0
0
0
0
0
0.1
0.1
1.8
1.8
11.3
11.3
23.1
23.1
30.4
30.4
40.4
40.4
52
52
31.9
31.9
32.5
32.5
34.3
34.3
26.7
26.7
24.1
24.1
15
15
9.9
9.9
8.8
8.8
4.6
4.6
1
1
0.1
0.1
0.1
0.1
0
0
0
0
0
0
0
0
0
0
0
0
0.5
0.5
2.8
2.8
6.8
6.8
9.8
9.8
15.4
15.4
32.7
32.7
53.6
53.6
56.7
56.7
65.2
65.2
52.1
52.1
28
28
18.8
18.8
8.9
8.9
3.4
3.4
2
2
0.7
0.7
0
0
0
0
0
0
0
0
0
0
0
0
0
0
0
0
0.2
0.2
1.3
1.3
2.9
2.9
7.1
7.1
9.3
9.3
10.6
10.6
18.9
18.9
36.5
36.5
22.7
22.7
35.6
35.6
32.9
32.9
27.2
27.2
13.3
13.3
5.8
5.8
2.6
2.6
1.4
1.4
0.2
0.2
0
0
0
0
0
0
0
0
0
0
0
0
0.1
0.1
0.5
0.5
4.1
4.1
16.4
16.4
18.3
18.3
32.3
32.3
51
51
36.1
36.1
35.9
35.9
29.3
29.3
18.8
18.8
18
18
15.5
15.5
6.7
6.7
9.4
9.4
4
4
1.1
1.1
0.2
0.2
0.1
0.1
0.2
0.2
0.1
0.1
0.1
0.1
0.2
0.2
0.2
0.2
0.2
0.2
1.2
1.2
2.8
2.8
6.3
6.3
14
14
23.1
23.1
21.5
21.5
16.4
16.4
15.7
15.7
25.5
25.5
14.9
14.9
13.4
13.4
14
14
9.9
9.9
6.5
6.5
4.1
4.1
1.5
1.5
0.3
0.3
0.1
0.1
0.1
0.1
0.1
0.1
0.1
0.1
0.1
0.1
0.1
0.1
0.1
0.1
0.3
0.3
3.3
3.3
6.3
6.3
10.6
10.6
18.6
18.6
37.4
37.4
37.5
37.5
30.1
30.1
22.3
22.3
18.5
18.5
13.7
13.7
10.8
10.8
12
12
8.8
8.8
4.3
4.3
0.8
0.8
0.1
0.1
0.3
0.3
0.4
0.4
0.3
0.3
0.2
0.2
0.2
0.2
0.2
0.2
0.1
0.1
0.4
0.4
3.2
3.2
12
12
14.5
14.5
18.8
18.8
24.2
24.2
41.2
41.2
41.7
41.7
38.2
38.2
30.4
30.4
23.9
23.9
20.4
20.4
17.6
17.6
10.4
10.4
9.4
9.4
3.6
3.6
0.3
0.3
0.2
0.2
0.2
0.2
0.1
0.1
0.1
0.1
0.3
0.3
0.2
0.2
0.1
0.1
0.4
0.4
6.2
6.2
10.9
10.9
33
33
51.7
51.7
44.4
44.4
51.8
51.8
30.8
30.8
24.4
24.4
49.9
49.9
32.7
32.7
19
19
15.3
15.3
11.9
11.9
9.3
9.3
2.2
2.2
0.3
0.3
0.1
0.1
0.1
0.1
0.1
0.1
0.1
0.1
0
0
0.2
0.2
0.1
0.1
0.3
0.3
1
1
2.3
2.3
4.1
4.1
10.8
10.8
11.9
11.9
15.1
15.1
19.5
19.5
16.8
16.8
14.8
14.8
15
15
16.1
16.1
10.4
10.4
5.2
5.2
3.8
3.8
1.1
1.1
0
0
0
0
0
0
0
0
0
0
0
0
0
0
0
0
0.2
0.2
2.4
2.4
4.2
4.2
4.8
4.8
7.1
7.1
7.6
7.6
12.8
12.8
19.3
19.3
27.7
27.7
17.4
17.4
17.9
17.9
5.6
5.6
9.4
9.4
7.1
7.1
3.3
3.3
0.2
0.2
0
0
0
0
0
0
0
0
0
0
0
0
0
0
0
0
0.1
0.1
1.1
1.1
3.3
3.3
5.6
5.6
3.7
3.7
5
5
5.9
5.9
10.3
10.3
13.9
13.9
18.8
18.8
17.5
17.5
8.6
8.6
6.5
6.5
3.7
3.7
2.2
2.2
0.2
0.2
0
0
0
0
0
0
0
0
0
0
0
0
0
0
0
0
0
0
0.2
0.2
1.2
1.2
1.9
1.9
6.6
6.6
7.1
7.1
4.8
4.8
7.2
7.2
4.2
4.2
5.7
5.7
8.2
8.2
21.4
21.4
26.8
26.8
16.5
16.5
4.8
4.8
0.8
0.8
0
0
0
0
0
0
0
0
0
0
0
0
0
0
0
0
0
0
2.2
2.2
8.4
8.4
27.3
27.3
35.7
35.7
46.8
46.8
65.4
65.4
54.4
54.4
39.4
39.4
17.8
17.8
20.3
20.3
17.5
17.5
15.3
15.3
14.6
14.6
13.2
13.2
3.1
3.1
0
0
0
0
0.1
0.1
0
0
0
0
0.1
0.1
0
0
0
0
0.1
0.1
2.3
2.3
4.2
4.2
6.9
6.9
13.7
13.7
21
21
15.1
15.1
7
7
8.5
8.5
7.3
7.3
5.8
5.8
6.5
6.5
4.7
4.7
3.9
3.9
1.6
1.6
0.3
0.3
0
0
0
0
0
0
0
0
0
0
0
0
0.1
0.1
0.1
0.1
0.2
0.2
1.5
1.5
4.5
4.5
14.9
14.9
26.1
26.1
53.3
53.3
49.4
49.4
73.6
73.6
22.5
22.5
10.4
10.4
11.2
11.2
14.4
14.4
6.5
6.5
12.2
12.2
4
4
0.7
0.7
0.3
0.3
0.2
0.2
0.2
0.2
0.3
0.3
0.1
0.1
0.1
0.1
0.1
0.1
0
0
0.3
0.3
5.7
5.7
9.1
9.1
9.4
9.4
18.5
18.5
23.3
23.3
24.2
24.2
31.4
31.4
38.2
38.2
28.1
28.1
24.2
24.2
20.7
20.7
16.4
16.4
8.5
8.5
2.8
2.8
0.5
0.5
0.2
0.2
0.2
0.2
0.1
0.1
0.1
0.1
0.1
0.1
0
0
0
0
0
0
0
0
0.2
0.2
1.5
1.5
4
4
5.1
5.1
6.1
6.1
8.1
8.1
11.1
11.1
8.7
8.7
8.5
8.5
6.3
6.3
9.1
9.1
7.7
7.7
4.9
4.9
3.9
3.9
0.5
0.5
0
0
0
0
0
0
0.1
0.1
0.1
0.1
0
0
0.1
0.1
0.2
0.2
0.2
0.2
2.3
2.3
4.8
4.8
10.6
10.6
15.2
15.2
9.3
9.3
8.7
8.7
8.3
8.3
18.7
18.7
23.8
23.8
19.1
19.1
19.2
19.2
10.5
10.5
8.1
8.1
9.9
9.9
0.3
0.3
0
0
0
0
0
0
0
0
0
0
0
0
0
0
0
0
0
0
3.3
3.3
15.7
15.7
33.5
33.5
45.7
45.7
56.3
56.3
65.2
65.2
71
71
73.8
73.8
71.5
71.5
65.2
65.2
54.7
54.7
42.8
42.8
25.7
25.7
11.7
11.7
1.8
1.8
0
0
0
0
0
0
0
0
0
0
0
0
0
0
0
0
0
0
5
5
17.1
17.1
29.2
29.2
39.5
39.5
53.2
53.2
59.3
59.3
63
63
68.5
68.5
67.1
67.1
62.3
62.3
43.4
43.4
16.6
16.6
12.9
12.9
4.5
4.5
0.6
0.6
0.2
0.2
0.1
0.1
0.2
0.2
0.1
0.1
0.1
0.1
0.2
0.2
0.9
0.9
0.6
0.6
0.2
0.2
0.8
0.8
5
5
12.9
12.9
30.9
30.9
60.1
60.1
13.1
13.1
27.8
27.8
32.2
32.2
31.5
31.5
17
17
24.7
24.7
12.3
12.3
7.9
7.9
2.7
2.7
0.3
0.3
0
0
0
0
0
0
0
0
0
0
0
0
0
0
0
0
0
0
4.8
4.8
16.4
16.4
30.4
30.4
41.5
41.5
53.4
53.4
61.6
61.6
67.6
67.6
70
70
46.1
46.1
26.8
26.8
19.8
19.8
11.4
11.4
7.6
7.6
3.3
3.3
0.3
0.3
0
0
0
0
0
0
0.1
0.1
0
0
0.1
0.1
0.1
0.1
0.1
0.1
0
0
1.4
1.4
6.3
6.3
30.2
30.2
46
46
58
58
49.7
49.7
55.1
55.1
29.6
29.6
13.8
13.8
22.7
22.7
18.1
18.1
10.7
10.7
6.3
6.3
4.8
4.8
0.2
0.2
0
0
0
0
0
0
0
0
0
0
0
0
0
0
0
0
0
0
3.4
3.4
15.8
15.8
29.4
29.4
42.2
42.2
53.6
53.6
62.6
62.6
67.8
67.8
69.5
69.5
66.6
66.6
53.4
53.4
52
52
38.7
38.7
20.3
20.3
5.5
5.5
0.3
0.3
0
0
0
0
0
0
0
0
0
0
0
0
0
0
0
0
0
0
3.2
3.2
14.9
14.9
28.8
28.8
40.6
40.6
51.7
51.7
60.9
60.9
67.1
67.1
68.8
68.8
66.3
66.3
60.2
60.2
49.6
49.6
34.6
34.6
17.1
17.1
5
5
0.2
0.2
0.2
0.2
0.1
0.1
0
0
0
0
0
0
0
0
0
0
0
0
0
0
2.9
2.9
15.1
15.1
28.5
28.5
41.4
41.4
51.9
51.9
60.6
60.6
66.9
66.9
54.8
54.8
64.3
64.3
60.7
60.7
45.4
45.4
28.7
28.7
26
26
5.7
5.7
0.1
0.1
0
0
0
0
0
0
0
0
0
0
0
0
0
0
0
0
0
0
2.4
2.4
14.1
14.1
25.9
25.9
37.7
37.7
48.2
48.2
56.8
56.8
63.5
63.5
64.8
64.8
64.4
64.4
58.4
58.4
43.1
43.1
25.7
25.7
10.4
10.4
7.1
7.1
0.2
0.2
0
0
0
0
0
0
0
0
0
0
0
0
0
0
0
0
0
0
0.1
0.1
1.1
1.1
8.2
8.2
20
20
42.8
42.8
52.5
52.5
40
40
51.7
51.7
30.9
30.9
19.7
19.7
10.3
10.3
8.7
8.7
5.4
5.4
1
1
0.7
0.7
0.2
0.2
0.2
0.2
0.1
0.1
0.1
0.1
0.1
0.1
0.1
0.1
0.1
0.1
0.1
0.1
0.2
0.2
0.5
0.5
3.4
3.4
10
10
18.8
18.8
28.8
28.8
27.7
27.7
27.9
27.9
30.7
30.7
29.6
29.6
16.3
16.3
16.8
16.8
5.9
5.9
3.6
3.6
2.7
2.7
0.1
0.1
0
0
0
0
0
0
0
0
0
0
0
0
0
0
0
0
0
0
1.2
1.2
13
13
24.9
24.9
36.8
36.8
48.3
48.3
56.5
56.5
61.2
61.2
63.1
63.1
61.8
61.8
57.1
57.1
47.5
47.5
33.4
33.4
16.7
16.7
4.9
4.9
0.1
0.1
0
0
0
0
0
0
0
0
0
0
0
0
0
0
0
0
0
0
1.6
1.6
12.7
12.7
25.6
25.6
38
38
49.4
49.4
58.6
58.6
64.6
64.6
66.5
66.5
64.1
64.1
58.5
58.5
45.8
45.8
25.1
25.1
14.6
14.6
1.7
1.7
0
0
0
0
0
0
0
0
0
0
0
0
0
0
0
0
0
0
0
0
1.5
1.5
11.7
11.7
22.7
22.7
35.1
35.1
47.7
47.7
55.2
55.2
62.3
62.3
65.1
65.1
62.4
62.4
56.5
56.5
46.7
46.7
25.7
25.7
15.5
15.5
3.7
3.7
0
0
0
0
0
0
0
0
0
0
0
0
0
0
0
0
0
0
0
0
1.1
1.1
12.5
12.5
25
25
38.2
38.2
47.8
47.8
57.4
57.4
58.8
27.8
30.8
52.3
55.9
18.2
11.5
50
44.9
13.3
9.3
30.8
15
3.6
2.7
1.1
0
0.4
0
0.2
0
0.1
0.1
0
0.1
0
0
0.1
0
0.1
0.1
0
0.1
0
0
0.2
1.3
0.4
2.5
6.5
19.7
6
32.5
11.1
45.7
26.6
20
53.5
48.2
21.6
12
59.6
57.6
12.4
53.8
5.2
45.5
4.3
2.2
27.9
14.7
1
2
0.3
0
0
0
0
0
0
0
0
0
0
0
0
0
0
0
0
0
0
0
0
0.4
0.1
0.8
5.1
23.1
4.2
8.7
36.6
45.4
7
50.8
7.3
62.5
8
64.6
11.4
61.1
8.8
13.7
53.2
8.9
43.6
17.6
5.4
12
1
0.2
1.2
0
0
0.1
0
0
0
0
0
0
0
0
0
0
0
0
0
0
0
0
0
0.8
0.1
9.3
1.2
21.2
2.9
3.5
34
45.3
6.1
53.8
13.6
58.9
16
14.4
60.3
57.9
16.6
52
15.6
31.1
12
24.3
4.4
9.1
1.9
0.2
0.5
0.1
0
0
0
0
0
0
0
0.2
0
0.1
0
0
0.2
0
0
0
0
0.1
0
2
0.3
14.7
3.4
45.8
10.3
93.2
22
57.3
24
45.3
21.2
36.2
14.1
48.9
20.2
31.6
15.3
27.7
20.1
15.4
8
5.4
6.9
3.8
1
0.1
0.5
0.1
0.2
0.1
0
0.1
0
0.1
0.1
0
0.1
0
0
0.1
0
0
0.1
0.1
0.1
0
0
0.2
0.1
2.7
2.4
5.3
5.5
19.1
7.7
11.1
13.5
12.4
19.4
9.8
13.8
10.8
12.1
13.2
14.5
15.1
5.4
6.5
6
2.5
4.2
2.4
1
0.7
0.2
0
0.2
0.2
0
0
0
0
0
0.1
0
0.2
0
0
0.1
0
0.1
0.1
0
0
0
0.1
0.1
0.8
0.9
4.1
3.7
10.1
8.6
35.9
16.2
30.6
20.5
29.9
12.8
9.7
30.8
17.6
26.5
19.7
17.2
13.5
11.2
7.7
9.5
2.9
2.9
0.2
0.3
0
0
0
0
0
0
0
0
0
0
0
0
0
0
0
0
0
0
0
0
0.8
0.2
7.6
1.7
17.7
5
6.5
30.5
43
5.9
56.4
11.3
18.1
45.3
11.9
14.5
11.5
10.5
7.2
7.4
9
4
6.5
2.6
2
2.7
0.3
0.4
0
0.1
0
0.1
0.2
0
0
0.2
0.1
0.1
0.2
0
0.1
0.1
0.3
0.2
0.2
0.3
0.2
0
0.2
0.3
1.9
12
28.4
7.3
32.8
40.3
43.9
49.4
53.5
55.1
60.2
59.9
51.3
48.4
46.2
28.4
47.5
26
15.8
25.9
11.8
7.7
3.1
1.8
0.4
0.1
0.1
0
0
0.1
0.1
0
0
0
0
0
0
0
0
0
0
0
0
0
0
0
1.4
0.1
1.5
4.4
16.3
18.5
28
22.2
16.7
44.8
25.9
43.6
37.3
28.4
28.5
50.4
45.6
9.2
43
8.1
33
5.8
9.2
7.8
1.3
2
0.5
0.2
0.3
0.2
0.1
0.2
0.1
0
0
0.2
0
0.2
0
0.1
0.1
0.1
0
0
0
0
0
0.1
0.2
0.2
0.6
2.2
2
7.5
15.2
4.2
21.4
3.4
28.9
7.7
15.1
6.8
16.3
8.2
7.9
10.8
7
5.4
3.4
5.6
2.7
2.3
0.6
1
0.1
0
0
0.1
0
0
0
0
0
0
0
0
0
0
0.1
0
0
0
0.1
0
0
0
0
0.1
0.4
5
19.9
1.4
33.1
2.8
7.7
31.1
38.4
8.3
45.1
6.8
25.7
3.9
3.7
22.8
27.8
3.8
3.1
19.9
12.6
1.8
3.9
0.5
0.4
0
0
0
0
0
0
0
0
0
0
0
0
0
0
0
0
0
0
0
0
0
0
0
7.4
1.1
2.2
17.9
30
3.4
4.8
40.9
48.8
8.3
6.3
55.5
57.3
11.4
52
5.8
43.8
2.2
26.6
2.1
10
2.1
1.3
2.3
0
0.2
0.2
0
0.1
0
0
0.1
0
0.1
0
0
0
0
0
0.1
0.3
0
0.2
0
0
0.1
0.1
0
0.1
1.3
6
1.1
3.2
13.4
9.8
41.5
28.5
25.2
15.2
22.6
23.3
14.3
17.7
11.6
18.4
10
6.5
18.4
10.1
4
3.3
1.5
0.1
0.2
0
0.1
0
0.1
0.1
0
0
0.1
0.1
0
0
0
0
0
0
0.1
0
0
0
0
0
0.4
3.6
23.5
21.9
40.9
20.4
35.7
35.9
47.1
50.3
36.8
57.4
26.4
19.8
38.6
19.7
24.7
32.9
15.2
18.6
13.9
8.5
10.7
1.7
1.7
0.1
0.3
0.2
0.1
0.1
0
0
0
0.1
0
0
0.1
0
0.1
0
0
0
0
0.1
0
0
0.2
0
0.3
3.3
1.4
23.7
15.9
23.3
26.1
34.6
20
41.6
40.8
43.1
39.3
40.9
40.1
37.1
22.6
16.2
25.7
13.4
6.2
2.9
6.1
1.7
0.7
0.1
0
0
0.1
0
0
0
0
0
0
0
0
0
0
0
0
0
0
0
0.1
0
0
0
0
0.9
1.7
6.2
10.8
23.1
14.6
44.8
11.9
7.1
48.4
59.2
5.2
56.4
4.9
37.1
5.3
6
16
10.3
3.1
0.9
4.7
0.5
0.3
0
0
0
0
0
0
0
0
0
0
0
0
0
0
0
0
0
0.1
0
0
0
0
0
0
1.3
1.6
5.7
4
6.5
13.3
29.4
9.3
11.6
48.4
46.4
14.2
13.5
53.8
50.9
13.2
39.6
9.3
27.5
4
9.5
1.3
1.4
0.3
0
0.1
0
0
0.4
0
0.5
0
0
0.6
0
0.6
0.6
0
0.4
0
0
0
0
0
0
0
0
0.2
11.4
4
14.3
52.3
81.8
26.4
37.2
134.5
45.9
251.1
51.1
130.9
69
52.6
51.2
48.4
45
24.3
33.5
13.7
4.8
8.4
1.1
1
0
0
0
0
0
0
0
0
0
0
0
0
0
0
0
0
0
0
0
0
0
0
0
0.1
3.8
5.1
14
17.6
26.1
29.4
38
39.4
46.6
46.9
52.1
50.9
53.2
50.9
48.6
47.7
40.4
41.7
30.5
27.3
6.4
3.7
0.8
0.6
0
0
0
0
0
0
0
0
0
0
0
0
0
0
0
0
0
0
0
0
0
0
0
0
0
0
0
0
0
0
0.3
0
2.9
4.5
7.9
14.1
12
28.2
26.6
59.9
27.9
29.4
89.1
35
22.5
35.5
85.6
50.7
44.4
40.3
43
26.7
39.8
43.2
22.7
35.8
31.4
6.7
30.6
2.7
16.9
15.5
0.9
7.4
5
1
0.3
0.3
0
0
0
0.1
0
0
0.2
0
0
0
0.1
0
0
0
0
0
0
0
0
0
0
0
0
0
0
0
0
0
0
0
0
0
0
0.1
0
0
0.6
6
4.9
12.5
30.5
4.6
47.6
62
12.6
74.5
8.4
67.9
90.6
9.7
79.3
73.8
9.5
101.9
70.7
107.4
12.6
85.8
42.3
9.6
7.6
73.5
46.6
5.3
35.1
23.1
2.4
8.6
12.8
1.8
0.3
0.8
0
0
0
0
0
0
0
0
0
0
0
0
0
0
0
0
0
0
0
0
0
0
0
0
0
0
0
0
0
0
0
0
0
0
0
0.1
0.3
21.1
2.8
120.8
3.6
11.5
132.2
12.1
23.1
24.8
153.5
25.9
21.6
213.7
20.5
243.4
15.9
33.7
192.3
14.2
19.1
146.2
15.2
13.8
13.3
8.4
64.2
40.6
7.4
10.8
16.8
4.2
2.7
0.5
0.4
2.7
0
0
0
0
0
0
0
0
0
0
0.1
0
0.1
0
0
0
0
0
0
0
0
0
0
0
0
0
0
0
0
0
0.2
0
0
0
0
0
0.2
2.1
0.8
2
24.8
4.2
15.8
18.8
85.6
148.9
26.9
14.5
138.6
67.9
16.2
101
141.9
15.1
97.7
10.6
141.3
6.9
168.3
83.6
103.9
49.7
5.5
30.1
54.5
3.7
18.8
1.4
17.9
0.2
3.2
1.8
0
0
0
0
0
0
0
0
0
0
0
0
0
0
0
0
0
0
0
0
0.1
0.1
0
0.1
0
0
0.1
0
0
0
0
0
0
0
0
0
2.7
2.8
8.2
47.9
17.2
19.8
89.3
47.9
43.6
68.1
46.9
123.4
94.4
66.4
110.8
68.1
78.1
123.3
37.7
78.7
51
77
82.5
28.5
108.4
24.7
101.4
58.5
55.5
16.8
28.2
6.5
7.8
1
2.3
1.1
0
0.2
0
0
0
0.1
0
0
0
0
0
0
0
0.1
0
0
0.2
0
0
0
0.1
0
0
0.1
0
0
0
0
0.1
0
0
0
0.1
0
0
0.1
9.7
0.5
9
47.3
3.1
111.2
85.7
192.9
11.5
119.9
252.2
32.1
145.2
33.2
256.4
254.7
28.9
153.3
131.5
146.4
31.4
133.2
125.8
33.6
93.6
21
162.4
48.6
17.7
105.2
6.6
7.2
14
0.9
1
1.1
0
0.1
0
0
0
0
0
0
0
0.1
0
0
0
0.3
0
0
0
0
0
0
0
0
0
0
0.2
0
0
0
0
0
0
0
0
0
0
0
8
0.7
15.6
11
41.7
83.2
112.9
79
44.4
120.9
111.9
67.3
133.7
78.8
105.8
140.9
122.1
94.4
82.8
68.1
133.6
50.7
115.6
24.9
86.7
25.5
11.4
4.4
45.2
10.1
2
6.1
3
0.3
0.1
0.5
0
0
0
0
0
0
0
0
0
0
0
0
0
0
0
0
0
0
0
0
0
0
0
0
0.1
0
0
0
0
0
0
0
0
0
0
0.2
4
2.1
6.8
12.8
36.1
45
70
25.7
95.3
101.3
37.3
151.5
44.4
120.2
134.9
148.3
126.7
47.1
120.1
36
152.7
103
30.5
131.4
76.4
18.5
71.9
27.2
8.3
38.8
5.8
8.9
3.1
0.5
0.2
0.8
0
0
0
0
0
0
0
0
0
0
0
0
0
0
0
0
0
0
0
0
0
0
0
0
0.1
0
0
0
0
0
0
0
0
0
0
0
6.2
7.9
0.1
2.3
10.4
67.5
4.6
12.7
127.1
7.3
176.9
20.6
26.9
9
197.9
40.3
7.4
194.3
8
51.3
177.8
55.3
141
8.6
95.2
8.1
54.5
3.4
22.5
43.3
1.5
6.4
9.2
0.3
0.3
0.2
0
0
0
0.1
0
0
0
0
0.2
0
0
0
0
0
0
0
0
0
0
0
0
0.2
0
0
0
0.1
0
0
0
0
0
0
0
0
0
0
2.5
0.1
1.1
13.2
3.2
16.3
47.4
43
6.2
71.8
21.3
47
24.9
61.9
71.1
37.9
53.5
66.3
8.2
36.4
94.6
68.3
42.3
8.6
44.2
27.2
7
13.7
5.1
18.3
9.6
4.3
2.4
0.2
0.2
0.1
0
0
0.1
0.1
0
0
0
0
0.3
0
0
0.4
0
0
0.3
0
0.1
0
0.1
0
0
0.1
0
0
0
0
0
0
0
0
0
0
0
0
0
0
3.3
1.1
0.7
35.6
10
16.3
49.5
31
45
80.9
69
36.7
110.5
116.5
45.2
94.4
38.9
101.8
55.5
34
70.8
78.1
72.3
28.1
54.6
51.6
7.6
26
7.1
28.7
6.2
1.7
6
0.4
0.2
0.2
0
0
0
0
0.3
0
0
0.2
0
0.3
0
0
0.1
0
0
0
0
0
0
0
0
0
0
0
0
0
0
0
0
0
0
0
0
0
0
0
1.5
0.8
0.7
18.7
11.6
5.9
19.2
59.7
13
18.1
73.1
28.1
23.4
80.5
38.1
98.4
39
16.6
99.2
31.5
22.8
14.8
27.3
92.5
8.8
94.3
26.1
23.9
5.1
15.4
5.7
3.7
1.9
0.4
0.1
0.1
0
0
0.4
0.5
0
0
0.2
0
0
0.1
0.1
0
0
0
0.1
0.1
0.1
0
0
0
0.1
0
0
0
0
0
0
0
0
0
0
0
0
0
0
0
0.3
3.8
1.8
18.5
11.2
34.6
46.2
76.8
99.5
112.8
95.8
156.3
133.9
219.2
236.3
336.3
138.7
247.6
218.9
128.5
215.6
108
142
173.4
77.1
113.2
106
33.4
50.6
36
7.8
22.1
3.5
0
0.3
1.5
0
0.1
0
0
0
0
0
0
0
0.1
0
0
0
0
0.2
0
0.2
0
0.3
0
0
0
0
0.9
0
0
0.5
0
0.4
0
0
0.7
0
0
0.7
0
1
2.7
0.9
23.8
15.4
21.5
53.7
54.7
40.4
108.3
85.2
55.5
178.8
65.1
104
111.4
241.8
72.3
105.2
107.7
82.4
91.9
90.9
72.2
67.8
44.8
62
37.6
46
31
10.8
3.6
8.5
0
0.1
0.2
0
0
0
0
0
0
0
0
0
0
0
0
0
0
0
0
0
0
0
0
0
0
0
0
0
0
0
0
0
0
0
0
0
0
0
0
2.1
0.3
3.2
21.4
7.4
79.8
164.1
20.8
49.1
75.5
146.5
19.9
91.3
19.4
201.5
23.6
247.7
97.8
19.4
203.2
94.7
19.6
142.6
77
59.1
10.6
48.1
27.4
27.9
5.2
6.4
3.7
1.3
0.1
0.2
0
0
0.1
0
0
0.1
0
0
0
0
0
0
0
0
0
0
0
0
0
0.1
0
0.1
0
0
0.1
0.2
0
0.1
0
0
0
0.1
0
0
0
0.3
0
1.2
0.6
0.4
21.6
3.4
16.6
75.5
45.6
16.4
117.2
22.4
69.6
200.3
76.4
32.4
204
76.9
61.5
188.6
41.6
25.8
165.4
33.1
26.8
83.9
28.1
25.2
33
14.2
22.8
6.5
7.9
7.6
0.1
0.1
0.1
0
0
0
0
0.1
0
0
0
0
0
0
0
0
0
0
0
0
0
0
0
0
0
0
0
0
0
0
0
0.1
0
0.1
0
0
0
0
0
0.3
0.9
1.2
10.8
42.3
17.6
116.8
114.3
42.2
158
89.9
167.3
149.3
125.9
203.5
208.1
84.4
93.1
187.9
119.2
140.7
82.7
131.2
135
70
111.9
66.8
25.2
47.5
29.6
5.7
9.1
6.5
0
0.4
0.4
0
0
0
0
0
0.1
0
0.4
0
0
0
0.6
0
0
0.8
0
0
0.6
0.1
0.5
0
0.4
0
0.1
0
0.1
0.1
0
0
0.2
0
0
0.1
0
0
0
0.6
1.1
0.4
82.9
9.2
17.5
22.5
44.1
207.8
246.6
92.2
73.6
95.3
103.2
248.9
108.4
123.8
219
114.1
147.3
194.1
113.6
100.1
165.5
104
61.6
48
23.8
28.7
37.9
4.9
6.5
4.5
0
0.2
0
0
0
0
0
0
0
0
0
0
0
0
0
0
0
0
0
0
0
0
0
0
0
0
0
0
0
0
0
0
0
0
0
0
0
0
0
0.3
0.2
1.4
44.7
8.1
11.7
104.4
31.1
17
70
157
40.5
41.5
97
187
127.2
72.3
191.3
68.8
172.4
65.7
79.2
79
136.8
47.2
60.6
87.4
36
18.7
30.6
2.4
3.9
24.6
0
0.2
0.1
0.1
0
0
0.1
0
0
0
0
0
0
0
0.1
0
0
0.1
0
0.3
0
0.1
0
0
0
0.2
0
0
0
0
0
0.2
0
0
0
0
0
0
0
0.5
0.7
0.3
17.4
10.3
36
86.3
58.7
92.4
207
109.9
137
164.3
145.4
156.3
199.5
172.4
104.6
118.8
132.6
155.9
78.2
111.9
125.3
52.3
60.3
91.2
38.5
21.4
25.3
4.3
2.6
8
0.2
0.1
0.1
0.3
0
0
0
0.2
0
0
0
0.2
0
0
0.2
0.2
0
0
0
0.2
0
0
0.2
0
0.2
0
0
0.1
0
0.2
0.2
0
0.1
0.2
0.1
0
0.1
0.1
0
0.3
0
0.5
9.4
3.3
12.7
32.9
42
21.8
65.3
81.2
33.9
153.5
95.9
133.8
181.5
94.8
135.2
146
119.1
90.2
113.1
156.6
39.3
71.1
40.4
79.2
64.3
24.4
28.5
7.5
4.1
2.7
0.3
0.1
0
0.1
0
0
0.1
0
0
0.1
0
0
0.1
0
0
0.3
0.1
0
0.3
0.1
0
0
0.1
0
0
0.1
0
0.2
0
0
0.1
0
0
0.1
0
0.1
0.1
0.1
0
0.2
0.4
0.6
7.8
60.8
33.6
43.1
177.3
150.5
237.5
242.4
142
262.9
167.4
281.7
199.8
262.6
291.9
267.9
241.7
232.1
232.6
199.7
243.9
127.1
131.9
161.6
42.9
45.4
57.8
4.4
7.3
3.2
0
0
0
0
0
0
0
0
0
0
0
0
0
0
0
0
0
0
0
0
0
0
0
0
0
0
0
0
0
0
0
0
0
0
0
0
0
0
0
0.3
0
0
33.3
12.6
3.6
39
5.7
110.3
18.1
170.2
57.3
59.4
25.9
204.5
22.8
213.1
68.5
196.4
34.3
50.4
158.8
77.1
73.3
65.8
100
45
61.8
32.4
21.3
2.2
3.6
5.5
0
0
0.2
0
0
0.2
0
0
0
0
0.1
0
0
0
0.1
0
0.1
0
0
0
0
0
0
0
0
0
0
0
0
0.1
0
0
0
0
0
0
0
0
0
0.1
0
0.1
25.5
5.7
5.9
16.1
48.4
84.6
30.2
133.9
43.1
165.7
46.2
94.2
72.5
174.8
62.4
88.2
161.7
81.5
81.2
99.9
132.4
82.2
54.6
62.8
25.5
25
27.9
4.1
2
2.6
0
0
0
0.1
0
0
0.1
0
0.1
0.1
0
0.2
0
0.1
0.1
0
0
0
0
0.1
0
0
0
0
0
0
0
0
0
0
0
0
0
0
0
0.1
0
0
0.1
0
0
0.2
7.3
20.5
6.5
71.9
19.7
47.2
114.8
123.9
48.6
142.6
121.1
74
73.2
73.9
151.7
132.5
79.5
48.6
88.3
56.5
76.2
51
45.9
40.6
13.4
17.5
14
2.7
2.3
0.7
0
0
0.1
0
0
0
0
0
0.1
0.1
0
0
0
0
0
0
0.1
0
0
0
0
0.1
0
0
0
0
0
0
0
0
0
0
0
0
0
0
0
0
0
0.1
0
0
3.7
6.3
13.1
20
25.1
51.4
32
132.5
65
68.8
137
73.3
132.9
90.7
90
91.6
96.5
86.6
72.4
60.4
132
32.9
74.6
128.5
14
36.2
37.2
3.2
3.7
0.8
0.2
0
0.1
0.2
0
0.1
0
0.1
0.2
0
0
0.1
0
0
0.1
0
0
0.1
0.1
0
0
0
0
0
0.1
0
0
0
0
0
0
0
0
0
0
0
0
0.2
0
0
0
0.2
2.1
8.6
13
15.4
93.6
52.4
53.4
130.2
86.4
107.6
207.6
65.8
109.3
168.6
226.8
150.7
102.5
261.3
186.2
83
191.1
72.4
47
118.8
10.5
47.3
27.6
0.4
3.9
3.3
0
0
0
0
0
0.1
0
0
0
0
0
0
0
0
0
0
0
0
0
0
0
0
0
0
0
0
0
0
0
0
0
0
0
0
0
0
0
0
0
0.1
0.1
0.1
22.9
2.7
7.2
11.7
90.5
17.9
76.3
34.3
23
60.9
33.7
95.6
108.8
83.9
46.2
85.6
40.3
95.9
27.7
71.1
74.3
13.2
46.8
59.6
24.5
4.6
25.2
1.6
0.4
3.1
0
0.1
0
0
0
0
0
0
0
0
0
0
0
0
0
0
0
0
0
0.1
0
0.1
0
0
0.2
0.1
0
0
0
0.1
0
0
0
0
0
0
0
0
0.2
0
0
0.1
1.7
2.2
2.5
6.7
16.2
15.1
30.2
41.6
18.9
64.9
22.2
75.3
23.4
98.3
102.1
96.2
23.1
90.3
82.1
17.2
52.5
48.8
28.7
11.1
6.1
22.7
9
0.4
2.2
0.4
0
0
0
0
0
0
0
0
0
0
0
0
0
0
0
0
0
0
0
0
0
0
0
0
0
0
0
0
0
0
0
0
0
0
0
0
0
0
0
0
0
0.1
7.5
1.5
2
15.7
11.4
68.8
25.8
100.3
45.2
42.3
147.4
69
44.9
200.5
83.8
72.3
241.3
53
48.4
54.9
214.2
25.7
142
44
53.4
11.7
5.4
2.4
0.8
0.4
0
0
0
0
0
0
0.2
0
0
0
0
0
0
0
0
0
0
0
0
0
0
0
0
0
0
0
0
0
0
0
0
0
0
0
0
0
0
0
0
0
0.2
0.1
8.8
18.3
2.9
102.4
22.9
87.1
176.5
162.6
44.7
216.8
69.1
211
233.5
233.4
70.3
217.5
64.4
222.1
171.5
181.6
51.3
97.6
34.9
111.5
25.7
33.3
11.7
0.9
0.5
1.8
0
0
0
0
0
0
0
0
0
0
0
0
0
0
0
0
0
0.1
0
0
0
0
0
0
0
0
0
0
0
0
0
0
0
0
0
0.1
0
0.1
0
0
0
0.1
5.9
1.8
13.5
12.4
85.1
88.9
166.9
157.1
27.8
215.8
196.1
36.7
234.9
207.2
44.9
51.8
186.2
212.1
46.5
178.9
143.4
107.3
21.4
77
18.2
8.9
31.7
0.2
0.4
1.6
0.1
0
0
0
0
0
0
0
0
0
0
0
0.1
0
0
0
0.3
0
0
0.3
0
0
0
0.1
0.1
0
0
0
0
0
0
0.1
0
0.1
0
0
0
0
0.2
0
0.1
0
2.7
2.5
4.1
10.5
42.8
79.6
138.7
124.1
31.8
42.8
172.1
144.8
196.6
157.2
32.3
141.3
93.3
108.9
81.2
114.4
167.7
53.9
104.2
65.5
9.8
12.8
20.1
0.6
0.9
1.1
0
0.1
0
0
0.1
0
0.4
0
0
0.4
0
0
0.6
0
0
0
0
0.7
0.4
0
0
0.3
0
0
0
0
0.1
0
0
0
0
0
0
0.4
0
0
0.7
0
0
0
1
0
11.1
4.5
1.9
23.9
29.2
20
71
44.1
75.3
95.9
63
97.9
41.9
97.8
123.6
36
177.5
133.7
109.7
102.8
61.7
82.5
63
66.2
25.7
19.9
14.8
1.7
0.6
1.8
0.8
0
0
1.2
0
0
0
1
0
0.8
0
0
0
0
0.8
0
1
0
0
0.8
0
0.8
0
0
0
0
0.7
0.7
0
0
0
0
0.6
0
0.6
0
0
0
1.1
1.6
1.2
0
11
52.8
8.5
85.5
134.5
34.6
178.7
167.2
45.8
64.9
214.2
195
221.2
184.5
67.8
201.9
150.4
63.5
166.4
87
43
29.3
24.1
67.2
12.7
6.1
1
0.6
0
0.2
0
0
0
0
0
0
0
0
0
0.1
0
0
0.1
0
0
0.1
0
0
0
0
0
0
0
0
0
0
0
0
0
0
0
0.1
0
0
0
0
0
0
0
1.4
2.6
0
7.4
64.2
14.5
41.6
47.9
133.7
149.5
77.4
173.8
210.3
190.1
102.6
246.7
175.5
104.3
248.8
63
138
215.8
48.3
76.1
143.2
21
11.6
38.9
0.8
0.5
1
0
0
0.7
0
0
0.8
0
0
0.1
0
0.5
0.1
0.5
0
0.1
0.3
0
0.1
0
0
0.1
0
0
0
0
0.1
0
0
0
0.2
0
0
0.2
0
0
0
0.1
0
0
0.1
0
1.7
1.8
5
13.9
53.8
81.8
61.6
157.4
120.6
54.9
156.2
205.6
137.7
220.6
65.5
132.2
203.2
60.5
104.3
153.7
39.5
25.7
70
59.4
7.7
18.5
12.6
0.5
0.3
0.3
0
0.1
0
0
0.1
0
0
0
0
0
0
0
0
0
0.1
0
0
0
0.1
0
0
0.1
0.1
0
0
0
0
0
0
0.2
0.1
0
0
0
0
0
0
0.2
0
0.5
0
0
2.9
0.5
1.2
8.9
9.7
86.6
32
23.8
160.2
40.9
199
47.8
215.1
50.5
54.3
53.5
187
43
141.8
36.2
47.9
26.7
26
51.2
8.4
10.1
10
0.4
0.3
0
0.1
0
0
0.1
0
0
0
0.1
0
0
0
0
0.1
0
0
0
0
0
0
0
0
0
0
0
0
0
0
0
0
0
0
0
0.1
0
0
0.1
0
0
0
0.1
0
0
1.3
0.7
2.5
19.5
12.7
57.8
143.6
32.1
45.9
190.4
35.7
81.9
44.9
105.8
199.4
51.8
110.7
169.9
116.4
73.3
47
44.5
35.6
47.3
5.6
7.1
12.4
0.9
0.1
0.1
0.2
0.1
0
0.2
0
0.2
0.1
0.2
0
0.1
0.2
0
0.2
0
0
0
0
0.2
0
0.1
0.1
0
0
0
0
0
0
0
0
0
0
0
0
0
0
0
0
0
0.1
0
0.1
0
0.5
0.5
1
23.6
15.4
10.6
61
32.3
47.7
61
170.8
118.2
194.4
91.6
132.9
88.8
82.1
118
37.8
137.6
96
27.8
72.6
30.9
3.5
14.2
5.2
0.1
0.7
0
0
0
0
0
0
0
0
0.1
0
0
0.1
0
0
0
0
0
0
0
0
0
0
0.1
0
0
0
0.1
0
0
0
0.1
0
0
0.2
0
0
0
0
0.1
0
0
0.2
0
0.5
1.3
0.3
49.1
12.9
3.6
19.8
39.9
106.5
52
140.6
63.1
33.8
175.1
63.6
27.8
52.6
139.3
14.1
37.7
95
12
36.3
15.8
2.8
5.6
4.2
0
0.1
0.1
0
0
0
0
0
0
0
0
0
0.1
0
0
0
0
0
0
0
0
0
0.1
0
0.1
0
0
0
0
0
0
0
0
0.1
0
0
0
0
0
0.1
0
0
0
0.1
0
0.1
0.8
1
9.9
4.4
45.2
25.1
17.3
103.6
44
136.8
34.7
115.8
42.1
141.7
40.6
122.7
112
27.1
87.4
71
25.1
30
15
3.1
4
9.5
0.2
0.2
0
0
0
0
0
0
0
0
0.1
0
0.1
0
0
0.1
0
0
0
0
0.1
0
0.2
0
0.2
0
0
0
0.1
0
0
0
0
0.1
0
0
0.3
0.1
0
0.1
0
0
0
0.1
0
0.5
0.6
0.2
6.2
5.6
5.6
21
20
60.3
31.3
38
117.6
51
122.9
28.6
107.3
27.5
32.6
29.4
67.2
26.1
25.4
14.8
17.3
4.5
3
4.6
0
0.1
0
0
0
0
0
0
0
0
0
0
0
0.2
0
0
0.2
0
0.2
0
0
0.1
0
0
0.2
0
0
0
0
0.2
0.2
0
0
0.2
0
0
0
0
0.1
0
0
0.1
0.2
0
0.1
0.3
0.6
0.5
4.2
8.7
30.5
115.3
19.1
80.6
110.2
25.9
159.2
114.9
24.6
148.1
20.7
190.5
99.2
20.6
182.9
67.9
21.5
65.4
13.8
3.5
1.8
11.3
0
0
0.2
0
0
0
0
0
0
0
0
0
0
0
0
0
0
0
0
0
0
0
0
0
0
0
0.1
0
0.1
0
0
0.2
0
0.1
0
0
0
0
0.1
0.1
0
0
0
0
0.1
0
0.3
0.4
27.4
11.4
5.8
71.2
13.2
75.1
30.8
163.7
102.8
36.7
176.7
107.6
165.5
33.4
91.8
63
25.7
128.4
17.3
52.2
18.9
2
8.1
2.6
0.3
0
0
0
0
0.1
0.2
0
0
0.6
0
0
0
0
0.2
0
0
0.1
0
0
0.2
0.2
0
0
0
0
0
0
0.2
0
0.1
0
0
0
0.2
0
0.1
0
0
0
0
0
0
0
0
0
0.2
0.2
5.5
24.3
23.9
96.1
79.8
67.2
143.3
92.2
118.5
95.1
150.2
138.3
141.5
79.5
124.6
101.4
125.9
50.9
23.3
15.7
75.1
5.4
1.8
5.6
0
0
0.4
0
0
0.5
0
0
0.3
0
0
0.2
0
0
0.3
0
0
0.2
0
0
0.1
0
0
0
0
0
0.1
0
0
0
0
0.1
0
0
0
0.1
0
0
0.2
0
0.1
0
0
0
0
0.1
0.4
0.1
2.8
5.7
33.4
10.1
106.5
15.4
23.5
27.7
155.2
45.4
177.6
37.6
54.8
35.9
167.7
52.9
128.3
26.1
47.2
22.1
28.9
6
3.1
4.8
0.1
0
0
0
0
0
0
0
0
0
0
0
0
0
0
0
0
0
0
0
0
0
0
0
0.1
0
0
0
0
0.1
0
0
0
0
0
0
0
0
0.1
0
0.3
0
0
0
0.4
0.1
1.6
0.3
10.5
22.3
5.4
31.8
39.6
70.1
56.4
74.2
42.7
94.2
40.4
71.5
87.9
42.6
79.5
31.9
41.3
56.5
20.2
14.9
13
1.9
2.7
3.6
0
0
0
0
0
0
0
0
0
0
0
0
0
0
0.1
0
0
0
0.1
0
0
0
0
0
0
0
0
0
0.1
0
0
0
0
0
0
0
0
0
0
0
0.1
0
0
0
0
0
0.2
0.3
2.6
19.7
8.8
11.9
63
22.4
86.8
60.4
31.2
64.8
91.5
42.2
78.9
109.2
76.1
48.3
59.6
57.9
12.4
34.5
33.2
1.4
3.5
3.9
0.1
0
0
0
0
0
0
0.1
0
0
0
0
0
0
0
0
0
0
0
0
0
0
0
0
0.3
0
0
0
0.7
0
0.3
0
0
0
0
0.3
0
0
0.5
0
0.3
0
0.6
0
0
0.1
0.1
0.7
3.7
5.9
3.7
21.4
23.4
17.1
28.6
37.8
44.9
52.2
29.7
51.1
55.1
57.8
48.6
32.4
38.9
44.4
17.7
23
17.2
3.3
1.8
1.9
0.1
0
0.1
0
0.1
0
0.1
0
0
0.2
0
0
0
0
0.1
0
0.1
0.1
0
0
0.1
0.1
0
0
0
0
0.1
0.1
0
0.6
0
0.8
0
0.8
0
0.1
0
0.6
0.1
0
0.4
0.1
0
0.1
0
0.2
0.2
0.1
6.8
4.9
4.2
36.7
21.9
17.6
76.2
24
106
67.9
26.3
166.8
70.2
36.9
75.6
71.2
28.6
78.5
8.9
82.9
16.8
1.1
5.7
2
0.4
0.1
0
0
0.1
0.4
0.5
0
0.2
0.2
0
0.2
0
0.1
0.2
0
0
0.1
0
0
0.2
0
0
0.1
0
0
0.4
0
0
0.1
0.1
0
0.1
0.1
0
0.1
0
0.3
0.4
0.5
0.4
0
0.1
0
0.2
0.1
0.3
0.1
3.4
5.9
13.5
47.8
22.5
42.7
56.8
95.3
43.6
85.4
72.7
102.5
151.9
100.5
51.1
38.2
154.8
78.7
55.9
17
28.9
4.5
1.6
3.8
0.4
0.1
1.8
0.3
0
2
0.3
0
2
0
2.2
0.3
2.2
0
0
0
2.3
0
0
1.8
0.1
0
1.7
0.1
0
0.5
0.1
0.3
0.2
0
0
0.3
0
0
0
0.2
0
0.1
0.1
0
0.2
0.2
0.2
0
0
0.1
0.3
0
3.9
4.8
13.7
23.8
61.7
44.5
134.7
44.8
90.2
65.3
79.4
197.3
49.3
196.5
87.8
19.2
160.8
63.6
87.9
32.3
9.7
2.8
1
10.6
0
0.1
0
0
0
0
0
0
0
0.1
0
0
0
0
0
0.1
0
0
0
0
0
0
0
0
0
0
0.2
0.1
0
0
0.2
0
0
0.1
0
0.2
0.1
0
0.2
0.3
0
0
0.1
0
0
0.3
0
0
4.8
3.6
17.6
26
44.1
100.4
41.1
91.2
157
97.7
189.1
82.9
183.6
82.2
100.9
56.6
137.9
42.1
12.4
60.2
30.3
1.4
1.7
4.1
0
0
0.1
0
0.2
0
0
0
0
0
0
0
0
0
0
0
0.1
0
0
0
0
0
0
0
0
0
0
0
0
0
0
0
0
0
0
0
0
0
0
0
0
0
0
0
0
0
0
0
5.4
1.6
12.4
52.4
79.5
17.5
79.8
117
28.2
37.6
86.7
125.7
72.3
40
111.3
42.1
31
68.4
16.7
9.5
12.1
1.4
1.8
1.1
0
0
0
0
0
0
0
0
0
0
0
0
0
0
0
0
0
0
0
0
0
0
0
0
0.1
0
0
0
0
0
0
0
0
0
0
0
0
0
0
0
0
0
0
0
0
0
0
0.1
8.7
1.2
3.7
46.6
23
10.9
69.8
42.5
19.8
72
56.4
28.5
60.7
42
25.4
34.5
36.4
19.3
6.4
14.5
9.6
2.2
1.8
0.6
0.1
0
0
0
0.2
0
0
0.1
0
0.1
0
0
0.1
0
0
0
0.2
0
0
0.3
0
0.2
0
0
0.4
0.2
0
0.2
0.4
0
0.1
0.2
0
0.2
0.1
0
0.2
0.2
0
0.1
0.2
0
0.1
0.4
0.2
0.3
0.4
0
3.1
1.2
3.4
16.5
8.2
30.6
34.8
34.1
25.3
39.2
58.5
38.9
49.5
65.5
71.3
33
48.5
69.5
10.7
11.7
15.1
1
1
2.7
0
0
0.1
0
0
0
0
0
0
0
0
0
0
0
0
0
0
0
0
0
0
0.1
0.1
0
0.1
0
0
0
0.1
0
0
0
0
0
0
0.1
0
0.1
0
0
0.1
0
0
0
0.2
0
0.4
0.1
4.3
1.4
17.5
9.4
77.7
25.7
93.5
45.6
27.2
67.2
88.2
54.9
95.9
49.5
46.3
33.9
30.8
27.9
8.8
10.8
8.8
1.7
1
0.8
0
0
0
0
0
0
0.1
0
0
0
0
0
0
0
0.1
0
0
0.1
0
0
0.1
0.1
0
0.1
0.1
0
0
0
0
0
0
0
0
0
0.1
0
0.2
0
0
0.1
0
0.3
0.5
0
0
0.2
0.2
0.1
5
2.8
1.7
18.4
42.3
110.9
36.9
36.2
168.1
57.2
82.1
155.6
39.8
90
54.7
33.7
42.8
24.3
15.2
12.8
5.4
0.7
2.9
3
0
1.4
0.4
0
0.9
0.4
0.5
0.6
0
0
0.8
0.3
0
0.2
0.7
0
0
1
0
0.9
0.1
0.5
0.1
0
0
0.5
0
0.2
0.1
0
0.1
0
0.3
0.7
0
0.1
0.1
0.1
0.5
0.1
0.6
0.1
0.2
0.7
0.2
1
0.3
0.1
2.7
1.5
2.2
9.8
28.7
41
59
113.5
92.7
59.5
129.3
126.6
139.1
33.1
105.9
16.1
121.8
59.4
5.5
65.7
16.2
1.3
0.5
3.2
0
0.4
0
0.5
0
0
0
0
0.5
0
0
0.4
0
0.2
0.1
0
0.4
0
0.2
0.7
0
0.2
0
0.2
0
0.1
0.2
0
0.1
0
0.1
0.2
0
0.2
0.1
0
0.1
0
0.2
0.1
0.3
0
0.2
0
0.1
0.2
0.2
0
1.8
1.4
1.9
15.5
31.2
9.9
94.6
26.7
50.9
74.8
120.1
39.8
52.8
40.4
81.2
38.5
43.7
21.9
12.7
16.2
7.8
1.7
0.6
1.1
0.3
0.7
0
0.3
0
0.9
0
0.1
1
0
0
0.7
0
0
0.7
0
0
0.7
0
0
0.7
0
0
0.4
0
0
0.2
0
0
0.2
0
0
0.3
0
0
0.3
0
0
0.3
0
0.3
0
0
0.1
0
0.1
0.1
0.2
1.5
3.1
4.5
18.6
25.3
48.6
40.7
54.7
90.7
55.5
49.7
120.2
42.2
49
133.9
25.1
16.7
93.3
8.1
6.8
48.8
0.7
1.5
1.2
0.1
0
0.8
0.1
0
0.6
0.5
0
0
0
0.7
0
0
0.2
0
0.2
0.2
0
0
0
1.2
0.1
0.1
0.7
0.5
0.2
0
0
0.1
0.5
0
0.2
0.5
0
0
0.3
0
0.5
0.1
0
0.3
0
0
0
0.5
0
0
0.1
0.8
0.8
1.6
9.4
24.2
9.3
15.6
29.9
59.6
36.3
64.4
31
82.1
44.4
32.5
29.5
75.6
20.8
10.4
5.5
12.6
0.4
1
1.1
0.1
0
0
0
0.1
0.1
0.1
0.1
0
0
0
0.1
0
0.1
0
0
0.1
0
0
0
0
0.1
0.1
0
0
0
0
0
0
0
0
0
0
0
0
0.1
0
0
0
0
0
0
0
0.1
0
0
0.2
0
0.8
1.6
1.2
6.8
7.9
41.5
19
15.2
107.3
67.7
21.7
24.1
152.1
19.2
20.6
74.8
17.1
16.7
4.2
7.4
20.1
0.6
0.5
2.7
0.5
0.1
0
0
0.1
0.6
0
0.1
0.6
0
0.1
0.6
0.3
0.7
0
0.2
0.6
0.2
0.1
0.6
0.6
0
0.2
0.5
0
0.5
0.4
0.4
0.3
0
0
0.3
0.3
0.2
0.2
0
0.2
0
0
0
0.1
0
0.3
0
0
0
0
0.2
0.8
0.7
3.3
14.7
67.7
6.9
132.9
22
29.1
33
35
160.8
46.1
151.3
52.5
26
94
41.9
12.4
10.1
30.9
0.7
1.4
1.2
0.1
0
0
0.2
0.1
0.1
0
0.3
0.1
0.6
0.1
0
0
0
0.6
0.2
0.1
0.6
0
0.5
0.2
0
0.2
0
0
0.4
0
0
0
0.5
0
0
0.2
0.3
0
0
0.3
0
0
0.2
0
0.1
0
0
0.1
0.1
0
0.1
0.6
2
1.1
6.4
14.1
18
16.8
66.3
22.7
25.3
66.3
47.8
27
40.2
45.4
17.7
27.7
49.5
7.1
14
13.6
0.6
0.6
1.3
0
0.1
0.1
0
0.1
0.1
0.1
0.1
0.1
0
0.4
0
0.2
0.1
0.1
0
0.1
0.2
0.1
0
0.3
0.1
0.1
0.2
0.2
0.1
0.1
0.1
0.1
0
0.1
0.2
0
0.1
0.1
0.1
0.2
0.1
0.3
0
0
0.1
0.1
0
0.1
0.2
0
0.1
1
1.7
0.5
5.9
16.3
8.3
73
39.2
18.8
93.3
36.1
109.2
112.5
36.8
111.5
77.4
54.7
19.8
14.3
29
12.7
0.9
1.3
2.6
0.2
0.1
1.7
1.6
0.1
0.1
0.1
1.3
0
0.1
0.5
0
0
0.2
0.1
0
0.1
0.1
0
0
0.1
0
0.1
0
0.1
0
0
0
0.1
0
0
0.1
0
0
0.1
0
0
0.2
0
0.1
0
0
0.1
0
0.2
0
0.1
0
0.5
0.9
0.2
5
3.7
7.3
12.5
16.9
13.1
17.5
21.8
25.3
22.2
28.4
18.1
22
13.9
18.4
8.2
6.1
7.1
0.6
0.5
0.8
0.2
0
0
0.1
0
0
0
0.2
0
0.1
0
0
0
0
0.1
0
0.1
0
0.1
0.1
0
0.1
0.1
0.1
0.2
0.1
0.2
0.1
0
0.2
0.2
0
0.1
0
0
0
0.1
0.1
0
0.1
0
0
0.1
0
0
0
0.2
0
0.6
0.5
1.2
10.6
6.9
9.2
58.9
21.9
40.5
27.9
98.3
49.9
43
126.1
29.2
22.1
108.7
18
24
41.1
7
1.1
0.5
2
0.1
0.3
0.1
0
0.1
0.2
0.4
0.1
0.1
0.4
0.1
0.1
0.2
0.1
0
0.2
0
0.2
0.2
0.2
0.1
0.1
0.1
0.1
0.2
0.1
0
0.1
0.1
0.1
0.2
0.2
0.1
0.3
0.4
0.1
0.4
0.3
0.1
0.2
0.1
0.4
0.5
0.7
0
0.3
0.1
0.2
0.7
0.9
1.3
5.9
37.8
27.2
113.6
89.1
18.7
117.9
38.1
153.2
29.7
119.1
123.4
18.9
86.6
64.8
6.5
21.4
15.2
2.2
0.5
0.3
0
0.6
0
0
0.3
0
0
0
0.3
0
0.1
0
0.2
0
0
0
0
0.1
0
0
0.1
0
0
0
0
0
0
0
0
0
0
0
0.1
0
0
0
0.1
0
0
0.3
0
0
0.1
0
0
0
0
0.1
1
0.6
0.6
10.7
48.4
6.4
22.2
99.3
18.4
23.6
61.4
115.9
20.5
37
100.4
14.2
49
37.2
4.2
8.8
14.3
0.2
0.4
1.1
0
0
0.1
0
0
0.2
0
0
0.1
0
0.1
0
0
0.1
0
0
0
0.1
0
0
0
0
0
0.1
0
0
0
0
0
0
0
0
0
0
0
0
0
0
0
0
0
0
0
0
0
0
0
0
0.6
0.6
0.5
6.1
42.2
5.5
22.9
89.3
14.7
109.5
29.8
43.6
97.1
133.9
45.1
47.7
102.8
22
6
8.3
13.9
1.9
0.3
0.4
0.7
0
0
0
0.7
0
0
0
0.5
0
0.1
0.7
0
0
0.3
0.1
0
0
0
0.1
0
0
0
0
0
0
0
0
0
0
0.2
0
0
0.1
0
0.2
0
0
0.2
0
0
0.1
0
0
0
0
0
0
0.5
0.3
0.3
8
39.9
7.2
22.3
24.2
87.5
46.9
104.9
23
17
139.8
91.8
72.5
45.2
9
6.6
4
35.8
1.6
0.2
0.4
0
0
0.3
0
0.2
0
0
0
0
0
0
0
0
0.2
0
0.2
0.1
0
0.1
0
0.1
0
0
0
0
0
0
0
0
0
0
0
0
0
0
0
0
0
0
0
0
0
0.1
0
0
0.5
0
0
0.4
0.4
0.6
40.4
20.5
7.4
18.4
72.4
89.3
24.8
103.5
110.7
84.2
21.7
127.9
113.5
14.5
30
39.2
9.6
6.8
1.2
0.6
0.3
0
0
0.9
0
0.1
1.3
1.3
0
0.4
0.2
0
0.4
0.4
0
0.5
0.6
0
0.4
0
0
0.6
0.4
0.3
0
0.7
0.1
0.4
0.7
0.1
0.3
0.9
0.1
0.1
0.2
0
0.6
0.9
0.2
0
0
0
0
0
0.1
0
0.1
0
0
1.1
0.5
0.5
5.7
3.4
36
17
13.4
92.2
24
109.1
25.6
96.5
22.7
21.8
18
12.8
47
5.5
6
5.5
0.4
0.2
0.5
0.2
0
0
0
0.4
0
0
0
0
0
0
0.1
0
0
0.1
0.1
0
0.2
0.1
0
0
0.5
0
0
0
0
0.8
0
0
0.6
0.7
0.1
0
0.7
0
0
0
0.4
0
0.1
0.5
0
0.1
0.5
0
0.2
0.1
0
0.4
0.9
0
4.3
3.3
23
14.4
50.3
18.3
33
21.2
66.9
27.2
34.7
18.9
12.1
23.5
21.7
9.1
5.5
4
0.3
1.2
0.3
0.5
0
0
0
0.7
0
1
0
0
1
0
0
0.9
0
0
1
0
0.1
0
1
0.1
1.3
0
0.2
0.1
1.3
0
1.3
0
0
0
0.8
0.1
0.4
0
0.1
0
0.3
0.1
0.2
0
0
0
0.2
0.1
0.2
0
0
0.4
0.2
0.4
5.8
4.2
7
18
14.1
24.8
21.2
37.8
24.9
21.1
34.3
27.3
22.1
22.2
29.3
6.1
8.8
15.9
0.4
0.8
0.4
0
0.1
0.1
0
0.1
0.2
0
0.1
0.4
0
0.1
0.4
0
0.1
0.7
0
0.1
0.7
0.6
0
0.2
0
0.4
0
0
0.4
0
0
0
0
0.4
0
0
0
0.8
0
0
0
0.8
0.1
0
0.1
0.1
0
0.3
0
0
0.2
0.8
0.4
0.7
8.1
8.7
8.7
21.9
77.2
26.9
33.8
91.7
62.9
51
52.7
32.2
50.5
21.6
61.9
10.3
15
12.5
2.4
1.2
0.6
0.1
0.2
0.8
0.3
0.2
0.2
0.6
0
0.1
0
0
0.7
0
0
0.5
0.2
0.3
0
0.3
0
0
0
0.1
0.2
0
0.1
0.1
0
0
0
0
0
0
0
0.1
0
0
0.1
0
0
0
0.1
0
0.2
0.1
0.2
0
0.1
1
0.4
0.7
28.8
5
5.5
17.3
47.9
82.3
25.2
46.2
111.5
114.2
69.4
44.4
62
25.9
25.1
6.2
24.8
9.9
0.7
1.2
0.4
0
0.8
0
0
0.4
0.1
0.6
0.1
0
0.1
0.9
0
0
0.1
0.7
0.5
0
0.1
0.5
0.1
0
0.4
0
0
0
0
0.4
0.3
0
0.3
0.1
0.2
0
0.2
0.1
0
0.1
0
0.2
0.1
0.1
0.2
0.1
0.2
0.1
0.2
0.1
0
0.4
0.3
0.2
4.4
6.8
5.4
18.1
21.6
22
34.1
33.2
56.3
39.8
44.8
39.5
23.3
29.5
19.8
5.6
5.8
11.3
1
0.9
0.7
0.1
0.4
0
0
0.4
0
0.1
0
0.2
0
0.4
0.5
0
0.4
0.6
0.6
0
0.1
0.8
0.3
0.1
0
0.8
0.2
0.1
0.6
0.1
0.2
0.7
0.1
0.6
0.2
0.1
1
0
0.1
0.2
0.2
0.7
0.2
0.7
0
0.2
0.1
0.1
0.2
0.1
0.4
0.4
0.9
1.2
9
24.8
9.5
83.8
30.4
74.5
46.1
109.9
114.9
106.8
48
145.9
65.6
79.3
83.4
18.2
52.8
42.4
1
0.4
1.3
0
0.6
0
0.1
0.6
0.2
0.4
0.6
0.4
0.3
0.5
0.3
1.1
0.7
0.7
1.4
0.6
0.5
0.7
0.4
1.2
0.7
0.4
1.3
0.2
0.7
1.2
1.3
0.7
0.1
0.6
1.4
0.3
0.5
1.3
0.4
1.4
0.4
0
1.5
0.7
0.2
0.5
1.4
0.1
0.4
1.1
0
1.8
1.1
0.3
15.1
23.8
4.7
95.3
45.5
16
96.5
53.4
29.2
44.5
129.5
28.5
23.3
124.2
31.3
24.1
8.7
7.2
1
0.7
1.5
0.3
0.1
1
0.7
0.4
0
0.1
0.5
0.3
0
0.3
0.6
0.1
0
0.6
0.6
0.1
0.1
0.1
0.8
0.1
0.2
1.1
0.1
0.1
1.1
0.1
0
1.2
0.1
0
1.2
0.1
1.1
0.2
0
0.2
1.2
0
0
0.1
1.2
1.4
0.1
0
1.3
0.1
0
1.6
0.7
0.2
30.5
5
7
22.5
19.3
86.8
77.3
83.4
25.8
76.3
34.8
29.4
26.3
31.2
72.3
10.3
41.9
8.5
1
1.2
0.7
0
0
0.3
0
0.3
0
0.1
0
0.2
0
0.1
0
0
0
0
0.1
0.1
0
0.1
0
0.1
0
0.1
0.1
0.1
0.1
0
0
0
0.3
0
0
0.4
0.4
0
0
0
0.5
0
0
0.7
0
0
0
1.2
0
1.4
0
1.9
0.5
0.4
18.9
29.8
9.7
68.2
84.6
34
102.2
61.4
85.3
89.8
41.9
79.7
33.3
29.7
34.7
5.6
8.5
16.1
0.3
0.5
3
1.4
0
0
1.7
0
0
1.8
0
0
0
0
1.6
0
0
1.4
1.6
0
0
0
0
1.2
0
0
1.5
0
0
1.7
0
1.1
0
0
0.7
0
0
0
1.4
0
0
1.3
0
0.8
0
1.2
0
0
0
0.8
0
1.2
0.3
0.3
4.8
6.3
11.4
62.9
17.4
13.2
21.3
26.2
48.2
24.5
61.9
29.2
14.1
35.7
27.4
14.6
8.4
5.2
0.4
0.6
2
0
0
0
0
0
0
0
0
0.1
0.5
0
0
0
0.1
0
0
0.4
0
0
0
0.2
0
0.1
0
0
0
0
0
0
0.1
0
0
0
0
0
0
0
0.1
0.1
0.2
0
0
0
0
0.1
0
0
0.1
0.2
0.5
0.2
4.1
10.3
7
21.4
110.7
33.1
150.7
54.4
37.8
36.9
104
44.5
51.3
26.3
26
13.6
10.4
11.6
1
1.2
0.6
0.3
0
0
0.1
0
0
0.2
0
0
0.3
0
0
0.4
0
0
0.5
0
0
0.3
0
0
0
0
0.3
0
0
0.2
0.1
0
0.2
0.1
0
0.1
0
0.1
0.1
0
0.1
0
0
0
0
0
0
0.1
0
0
0.1
0.5
0.8
0.3
42.9
5.8
4.4
117.7
21.6
18.3
34.3
140.2
29.4
38.5
126
32.5
74.2
20.9
26
9.7
8.7
20
0.7
1
1.5
0.1
0
0
0.2
0
0
0
0.1
0
0
0
0.1
0
0.1
0
0.1
0
0
0
0
0
0
0
0.1
0.1
0
0
0
0
0
0.1
0
0
0.1
0
0
0
0
0
0
0
0.1
0.1
0
0
0
0
0.1
0.7
0.6
0.2
9.8
9.1
3.5
22.7
17.1
61.9
80.8
29.6
42.6
63.5
75.2
27.1
52.1
87.6
21.1
11.4
9.6
15.8
1.1
0.8
1.2
0.2
0
0
0
0.1
0.3
0
0.4
0
0
0
0.1
0
0.1
0
0.2
0
0.1
0.5
0
0
0
0
0.4
0
0.5
0
0.4
0
0
0.5
0
0
0.3
0
0.2
0.2
0.2
0
0.2
0.4
0
0.1
0.4
0
0.1
0.2
0.9
0.7
0.8
0.9
16.7
29.8
34.6
126.7
111.8
60.5
158.9
120.5
49.3
84.8
42.1
158
29.5
32.4
118.8
43.2
11.1
6.7
1.4
0.5
1.5
0
0
0.1
0.1
0
0
0.1
0
0
0.1
0
0
0
0
0
0
0
0.1
0.1
0
0
0
0
0
0
0
0.1
0
0
0.1
0
0
0
0
0
0
0
0
0.3
0
0
0.1
0
0.2
0
0.1
0.1
0
0.2
0
0.3
19.7
8.3
4.9
23
16.9
91.2
47.8
26.1
26.9
24
39.1
29.2
25.6
33.1
19.9
10.3
11.3
10.1
1.3
0.9
0.9
0
0
0.4
0
0.3
0
0
0
0.6
0
0
0.4
0.1
0
0
0
0.4
0
0
0.2
0.1
0.1
0.1
0.1
0
0
0.1
0
0
0.1
0.1
0.1
0
0
0
0
0
0
0
0
0
0
0
0.2
0
0
0
0
0.4
0.3
0.2
2.7
8.9
5
13.1
26.5
18.4
24
32.3
39.2
40.8
34.5
30.3
25.5
24
16.9
10.6
9.4
7.5
1
0.6
1
0
0
0
0
0
0
0
0
0
0
0
0
0
0
0
0
0
0
0
0
0
0
0
0
0
0
0
0
0
0
0
0
0
0
0.1
0
0
0
0
0
0
0
0
0
0
0
0
0
0.2
0.2
0.8
6.9
3.5
16.5
23.6
13.5
19.3
22.2
38
30.9
24.5
42.9
28.3
41.3
19.6
26.6
10.2
9.6
9.8
1.4
0.8
0.3
0
0
0
0
0.1
0
0
0
0
0
0
0.2
0
0
0
0
0
0
0
0
0
