
---------------------------------------------------------------
  Monitored Grid Cell (Outlet) Information
---------------------------------------------------------------
      Column         Row       Area [km^2]   Relief [m]
---------------------------------------------------------------
          18          10       0.0           0.0
          18           1       0.0           0.0
          16          10       0.0           0.0
          16           1       0.0           0.0
           3          10       0.0           0.0
           3           9       0.0           0.0
           3           8       0.0           0.0
           3           1       0.0           0.0
           5           3       0.0           0.0
           5           2       0.0           0.0
           5  	       1       0.0           0.0
           1           1       0.0           0.0